position0,position1,position2,position3,position4,position5,position6,torque0,torque1,torque2,torque3,torque4,torque5,torque6,tactile0,tactile1,tactile2,tactile3,tactile4,tactile5,tactile6,tactile7,tactile8,tactile9,tactile10,tactile11,tactile12,tactile13,tactile14,tactile15,image0,image1,image2,image3,image4,image5,image6,image7,image8,image9,image10,image11,image12,image13,image14,image15,image16,image17,image18,image19
0.1722603516461857,0.5233406244705187,-0.02745348347921117,-0.44294789071520396,0.044335452783852536,0.04986097106136245,0.659418549752023,0.7673999241420201,0.7163754636591132,-0.37413000449538236,0.5224679832458498,0.05972999587655059,0.004500000402331228,0.3057450109720231,-0.8520967746153474,-0.8288709668442608,-0.8651612900197506,-0.8724193555768579,-0.9,-0.853548387810588,-0.9,-0.9,-0.9,-0.9,-0.9,-0.9,-0.8477419350296259,-0.9,-0.8361290328204632,-0.9,0.1329651474952699,-0.08832401633262632,-0.14637018442153926,-0.14545565843582153,0.21200512647628778,-0.17696088552474976,-0.02669951319694519,0.03959712982177732,-0.08993639945983889,0.06130950450897221,0.12036176919937136,0.09374524354934688,0.02530117034912105,0.09202079772949223,0.1342011094093324,-0.28715745806694026,0.01965297460556026,0.1625808119773865,-0.0317924380302429,0.07055271863937373
0.1722603516461857,0.5233406244705187,-0.02745348347921117,-0.44295351703633074,0.04433681557331659,0.04986097106136245,0.659418549752023,0.767657048361642,0.7155777376348323,-0.3735900034010411,0.5217839813232422,0.07058999598026272,0.006750000603497064,0.3085500061511993,-0.8520967746153474,-0.8274193536490202,-0.8651612900197506,-0.8709677428007127,-0.9,-0.853548387810588,-0.9,-0.9,-0.9,-0.9,-0.9,-0.9,-0.8477419350296259,-0.9,-0.8361290328204632,-0.9,0.1344313502311706,-0.08977487683296204,-0.1430338382720947,-0.1453203678131103,0.21128060817718508,-0.1769027352333069,-0.027000671625137307,0.03990139961242678,-0.09012801647186275,0.061900770664215066,0.12041949033737176,0.09344290494918828,0.024128293991088845,0.09100542068481443,0.13285721540451056,-0.28796850442886357,0.019832360744476363,0.1601290583610534,-0.031356579065322854,0.06948080062866213
0.1722603516461857,0.5233441449036406,-0.027452120039561323,-0.44295070387576735,0.044335452783852536,0.04986097106136245,0.6594132541266803,0.7673998832702636,0.7158968327262186,-0.3733200041949749,0.5226959838867188,0.06787499561905863,0.006750000603497064,0.3057450109720231,-0.8520967746153474,-0.8288709668442608,-0.8651612900197506,-0.8724193555768579,-0.9,-0.853548387810588,-0.9,-0.9,-0.9,-0.9,-0.9,-0.9,-0.8477419350296259,-0.9,-0.8361290328204632,-0.8970967742381618,0.1358389735221862,-0.09026507735252376,-0.14517837166786196,-0.14652768373489378,0.21072818040847785,-0.17665441632270817,-0.028422832489013672,0.04001061916351323,-0.09148398041725159,0.06468662023544314,0.12213717699050897,0.0949004173278809,0.02541253566741941,0.09204708337783818,0.13248524665832517,-0.2882411241531372,0.021707546710967973,0.1626718997955322,-0.03133292198181148,0.07172538042068477
0.1722603516461857,0.5233406244705187,-0.02745484691886113,-0.44295351703633074,0.04433681557331659,0.049863783888147495,0.659418549752023,0.7672713415963309,0.7155777454376221,-0.37467000424861907,0.5231519851684571,0.07058999598026272,0.006750000603497064,0.3113550120592118,-0.853548387810588,-0.8274193536490202,-0.8651612900197506,-0.8724193555768579,-0.9,-0.853548387810588,-0.9,-0.9,-0.9,-0.9,-0.9,-0.9,-0.8477419350296259,-0.9,-0.8361290328204632,-0.9,0.13541357517242425,-0.08998666405677791,-0.1449996829032898,-0.1464595556259155,0.21105519533157346,-0.1774926066398621,-0.02952929735183718,0.039328908920288064,-0.09262821078300476,0.06328929662704463,0.12151662111282346,0.09513677358627315,0.025660157203674316,0.0913133382797241,0.13347798585891735,-0.28662675619125366,0.02077960968017578,0.16222901344299323,-0.03177087306976323,0.06984826326370241
0.1722603516461857,0.5233406244705187,-0.02745484691886113,-0.44295351703633074,0.04433681557331659,0.049863783888147495,0.659418549752023,0.7676570892333984,0.7163754636591132,-0.37494000345468526,0.5222399826049805,0.07058999598026272,0.0,0.314160007238388,-0.8520967746153474,-0.8288709668442608,-0.8651612900197506,-0.8709677428007127,-0.9,-0.853548387810588,-0.9,-0.9,-0.9,-0.9,-0.9,-0.9,-0.8477419350296259,-0.9,-0.8361290328204632,-0.9,0.13407665491104137,-0.08973104953765865,-0.14476032257080074,-0.14678206443786623,0.21080971956253058,-0.17765616774559023,-0.027915787696838334,0.040343534946441606,-0.09329613447189333,0.061919009685516335,0.12118488550186168,0.09373966455459593,0.025339901447296143,0.09206060171127317,0.13253899812698366,-0.28647049069404606,0.022540748119354248,0.16451479196548469,-0.030872011184692405,0.07003515958786011
0.1722603516461857,0.5233406244705187,-0.027452120039561323,-0.44295070387576735,0.04433681557331659,0.04986940954171715,0.6594079585013376,0.7673998832702636,0.7160563763705167,-0.3744000050425529,0.5220119819641115,0.06515999659895899,0.004500000402331228,0.3085500061511993,-0.8506451614201069,-0.8288709668442608,-0.8651612900197506,-0.8738709683530033,-0.9,-0.853548387810588,-0.9,-0.9,-0.9,-0.9,-0.9,-0.9,-0.8477419350296259,-0.9,-0.8361290328204632,-0.9,0.13498978614807122,-0.08999047279357908,-0.14376205801963804,-0.14587343931198116,0.21146342754364011,-0.1768970489501953,-0.028446757793426536,0.040199339389801025,-0.09106314182281494,0.06385996341705324,0.12106107473373406,0.09513580799102783,0.025100648403167725,0.09019389152526858,0.13390080928802484,-0.28758886456489563,0.020296597480773948,0.16287789344787595,-0.030987775325775124,0.07030123472213745
0.1722603516461857,0.5233406244705187,-0.02745348347921117,-0.4429563301968942,0.04433681557331659,0.04986097106136245,0.6594132541266803,0.7672713415963309,0.7155777298320424,-0.37359000474214554,0.5233799858093261,0.07330499500036236,0.0,0.3057450109720231,-0.853548387810588,-0.8274193536490202,-0.8651612900197506,-0.8738709683530033,-0.9,-0.853548387810588,-0.9,-0.9,-0.9,-0.9,-0.9,-0.9,-0.8477419350296259,-0.9,-0.8361290328204632,-0.9,0.13516112565994265,-0.08938579559326176,-0.14657295942306514,-0.14509184360504146,0.2121112346649171,-0.1766536116600037,-0.028649425506591775,0.04060295820236204,-0.09079969525337217,0.06488660573959348,0.12148325443267816,0.09515447616577144,0.024434816837310747,0.0915336012840271,0.13471437692642219,-0.2878108978271484,0.02042212486267092,0.1630637168884278,-0.029837805032730147,0.0707049608230591
0.1722603516461857,0.5233406244705187,-0.027452120039561323,-0.4429563301968942,0.04433681557331659,0.049863783888147495,0.6594079585013376,0.7672713415963309,0.7157372812791304,-0.3735900034010411,0.5226959838867188,0.07330499500036236,0.006750000603497064,0.3029400157928467,-0.853548387810588,-0.8288709668442608,-0.8651612900197506,-0.8724193555768579,-0.9,-0.853548387810588,-0.9,-0.9,-0.9,-0.9,-0.9,-0.9,-0.8477419350296259,-0.9,-0.8361290328204632,-0.9,0.13556313514709484,-0.08980116248130798,-0.1449958205223083,-0.14633923172950747,0.2101877689361572,-0.17640137672424316,-0.028866791725158714,0.039895606040954545,-0.09149460196495052,0.06365836858749385,0.12108542919158938,0.09576730728149419,0.026455485820770286,0.09198378324508671,0.13375586271286022,-0.2871842801570892,0.02089580297470095,0.16202623844146735,-0.03083349466323848,0.06936546564102175
0.1722603516461857,0.5233406244705187,-0.02745484691886113,-0.4429563301968942,0.04433681557331659,0.04986097106136245,0.659418549752023,0.7673999241420201,0.7162159200148149,-0.3741300031542778,0.5222399826049805,0.06515999659895899,0.002250000201165614,0.3113550013303755,-0.853548387810588,-0.8288709668442608,-0.8651612900197506,-0.8724193555768579,-0.9,-0.853548387810588,-0.9,-0.9,-0.9,-0.9,-0.9,-0.9,-0.8477419350296259,-0.9,-0.8361290328204632,-0.9,0.1357370495796203,-0.09208329319953923,-0.14458774924278261,-0.14587343931198116,0.21024913787841804,-0.17794809937477107,-0.028909009695053056,0.039990127086639404,-0.09250155687332151,0.06372628211975095,0.12227386236190807,0.09397001266479488,0.025170063972473122,0.09084416627883907,0.1337465286254883,-0.28704738020896914,0.022407603263854936,0.1612661004066468,-0.030961650609970137,0.07011154890060423
0.1722603516461857,0.5233406244705187,-0.02745621035851098,-0.44295351703633074,0.04433681557331659,0.04986097106136245,0.6594132541266803,0.7668855939592635,0.7165350073034115,-0.3733200041949749,0.521555980682373,0.06515999659895899,0.002250000201165614,0.3057450109720231,-0.8520967746153474,-0.8288709668442608,-0.8651612900197506,-0.8738709683530033,-0.9,-0.853548387810588,-0.9,-0.9,-0.9,-0.9,-0.9,-0.9,-0.8477419350296259,-0.9,-0.8361290328204632,-0.9,0.13436172008514402,-0.09006348252296448,-0.14503508806228638,-0.14722607731819148,0.21033464670181268,-0.17700771689414974,-0.029403716325759888,0.03996287584304814,-0.09164534211158748,0.06449425220489502,0.12367290258407604,0.0951630592346191,0.025287222862243608,0.0899956226348877,0.13607414960861208,-0.2883932054042816,0.02240309715270994,0.16270419359207156,-0.031446540355682395,0.0692213773727417
0.1722603516461857,0.5233406244705187,-0.027450756599911474,-0.44295351703633074,0.044335452783852536,0.04986659671493221,0.659418549752023,0.7670141765049526,0.7154181939905341,-0.3730500036478043,0.5213279800415039,0.07058999463915827,0.002250000201165614,0.31416001796722404,-0.853548387810588,-0.8303225800395012,-0.8651612900197506,-0.8709677428007127,-0.9,-0.853548387810588,-0.9,-0.9,-0.9,-0.9,-0.9,-0.9,-0.8477419350296259,-0.9,-0.8361290328204632,-0.9,0.1339163661003112,-0.08867779970169065,-0.14553558826446533,-0.14649083018302922,0.21205211877822883,-0.17656461596488948,-0.028178644180297807,0.039875328540802,-0.09135866761207578,0.0630776166915894,0.1225793123245239,0.09579488039016726,0.025310182571411155,0.09199225902557373,0.13432245254516595,-0.2883330702781677,0.021068537235260032,0.16360455751419078,-0.03129553198814394,0.07077051401138301
0.1722603516461857,0.5233406244705187,-0.02745348347921117,-0.44295351703633074,0.04433681557331659,0.04986940954171715,0.659418549752023,0.7670141765049526,0.7165350073034115,-0.37521000534296034,0.5224679832458498,0.07058999598026272,0.004500000402331228,0.3057450109720231,-0.8520967746153474,-0.8288709668442608,-0.8651612900197506,-0.8709677428007127,-0.9,-0.853548387810588,-0.9,-0.9,-0.9,-0.9,-0.9,-0.9,-0.8477419350296259,-0.9,-0.8361290328204632,-0.8970967742381618,0.13477166891098025,-0.08907396197319029,-0.14694712758064266,-0.1453714370727539,0.2116758584976196,-0.1764592051506042,-0.028339308500289873,0.03986867666244509,-0.0907670259475708,0.06340720653533938,0.12159107923507684,0.09364203214645384,0.024550151824951127,0.09302276372909546,0.13396368026733396,-0.28829154968261717,0.021351885795593217,0.1635814905166627,-0.03089620471000676,0.07005575895309446
0.1722603516461857,0.5233406244705187,-0.027452120039561323,-0.44295351703633074,0.044335452783852536,0.04986940954171715,0.6594079585013376,0.7673998832702636,0.7163754636591132,-0.37467000424861907,0.521555980682373,0.07058999598026272,0.002250000201165614,0.3057450109720231,-0.8506451614201069,-0.8274193536490202,-0.8651612900197506,-0.8724193555768579,-0.9,-0.853548387810588,-0.9,-0.9,-0.9,-0.9,-0.9,-0.9,-0.8477419350296259,-0.9,-0.8361290328204632,-0.9,0.13434412479400637,-0.0910627126693726,-0.14495719671249385,-0.14752133488655095,0.21022253036499017,-0.17690649032592776,-0.028891843557357744,0.03945615291595461,-0.09168498516082768,0.06287816762924192,0.12050113677978513,0.09467318058013918,0.02402926683425899,0.09067980051040647,0.1322088718414306,-0.2876889109611511,0.02055537700653076,0.16236280202865594,-0.03008918166160579,0.06829215288162227
0.1722603516461857,0.5233406244705187,-0.027452120039561323,-0.4429563301968942,0.04433681557331659,0.04986940954171715,0.659418549752023,0.7673999241420201,0.7155777454376221,-0.37467000424861907,0.521555980682373,0.07058999598026272,0.006750000603497064,0.3029400157928467,-0.853548387810588,-0.8303225800395012,-0.8651612900197506,-0.8724193555768579,-0.9,-0.853548387810588,-0.9,-0.9,-0.9,-0.9,-0.9,-0.9,-0.8477419350296259,-0.9,-0.8361290328204632,-0.9,0.13638635873794558,-0.09002775549888609,-0.14547250270843504,-0.14568289518356325,0.21109306812286388,-0.17657561302185054,-0.028353685140609763,0.03959047794342041,-0.09062041640281682,0.06374012231826787,0.1215906500816345,0.09545917510986324,0.024658513069152788,0.092725682258606,0.13337112665176398,-0.2872043967247009,0.02053434848785396,0.16217579841613772,-0.03009991049766536,0.07004696130752563
0.1722603516461857,0.5233406244705187,-0.02745348347921117,-0.4429563301968942,0.044332727204924316,0.04986940954171715,0.659418549752023,0.7667570522853308,0.7162159200148149,-0.3738600039482116,0.5220119819641115,0.06515999525785454,0.009000000804662789,0.3029400157928467,-0.853548387810588,-0.8303225800395012,-0.8651612900197506,-0.8724193555768579,-0.9,-0.853548387810588,-0.9,-0.9,-0.9,-0.9,-0.9,-0.9,-0.8477419350296259,-0.9,-0.8361290328204632,-0.9,0.13540037870407107,-0.08902643322944637,-0.1458263397216797,-0.1465689361095428,0.21096324920654308,-0.17688900232315063,-0.029817849397659302,0.03952889442443852,-0.09275035858154301,0.06439973115921016,0.12350585460662844,0.09545252323150633,0.025917005538940385,0.09094694852828977,0.13274348974227912,-0.28649092912673946,0.02319091558456421,0.16246998310089122,-0.030258321762084983,0.07118142843246456
0.1722603516461857,0.5233406244705187,-0.027450756599911474,-0.4429563301968942,0.04433681557331659,0.04986940954171715,0.6594132541266803,0.7655999319893972,0.7149395474520598,-0.37359000474214554,0.5213279800415039,0.07330499500036236,0.004500000402331228,0.3085500061511993,-0.853548387810588,-0.8259677404537797,-0.8651612900197506,-0.8738709683530033,-0.9,-0.853548387810588,-0.9,-0.9,-0.9,-0.9,-0.9,-0.9,-0.8477419350296259,-0.9,-0.8361290328204632,-0.9,0.13467113971710198,-0.0909389019012451,-0.14392792582511904,-0.1462182641029358,0.21193732023239142,-0.17652459740638737,-0.02773371934890745,0.04038580656051638,-0.09070785641670231,0.0641810774803162,0.12284560203552253,0.09376101493835454,0.024100184440612793,0.09060072898864746,0.13319517374038703,-0.28696568012237544,0.021370661258697465,0.16117919683456428,-0.03068597316741939,0.0697944045066834
0.1722603516461857,0.5233406244705187,-0.02745348347921117,-0.4429563301968942,0.04433681557331659,0.04986659671493221,0.6594079585013376,0.7650856018066406,0.7149395552548495,-0.3744000050425529,0.5208719787597657,0.07330499500036236,0.004500000402331228,0.3057450109720231,-0.853548387810588,-0.8303225800395012,-0.8651612900197506,-0.8738709683530033,-0.9,-0.853548387810588,-0.9,-0.9,-0.9,-0.9,-0.9,-0.9,-0.8477419350296259,-0.9,-0.8361290328204632,-0.9,0.13266506195068362,-0.08874528408050542,-0.14525776505470278,-0.14609976410865788,0.21263726949691775,-0.17694827914237976,-0.027196633815765425,0.039591872692108177,-0.09094893336296084,0.06430982351303105,0.1228503227233887,0.0937020063400269,0.025216734409332253,0.09147856235504148,0.13371348381042492,-0.28621568083763127,0.020345091819763184,0.1623602271080017,-0.030500149726867654,0.07105944156646726
0.1722603516461857,0.5233406244705187,-0.027452120039561323,-0.4429563301968942,0.044335452783852536,0.04986940954171715,0.659397367250652,0.764699935913086,0.7146204523606733,-0.37494000345468526,0.5195039749145508,0.06515999794006344,0.004500000402331228,0.30013501524925223,-0.853548387810588,-0.8274193536490202,-0.8651612900197506,-0.8738709683530033,-0.9,-0.853548387810588,-0.9,-0.9,-0.9,-0.9,-0.9,-0.9,-0.8477419350296259,-0.9,-0.8361290328204632,-0.9,0.1334171533584595,-0.08972273468971248,-0.1430867314338684,-0.14558129310607915,0.21258180141448968,-0.17600945234298704,-0.027582550048828147,0.039913308620452836,-0.09174200892448425,0.06354142427444454,0.12044835090637218,0.09434841871261601,0.023388004302978493,0.09049719572067261,0.13274348974227912,-0.2871103584766388,0.01827485561370845,0.1608439207077027,-0.030542421340942427,0.0699035167694092
0.1722603516461857,0.5233406244705187,-0.02745348347921117,-0.4429563301968942,0.04433681557331659,0.04986940954171715,0.6593920716253093,0.7637999398367746,0.7135036468505859,-0.37494000345468526,0.5204159774780274,0.07058999598026272,0.002250000201165614,0.2917200082540513,-0.853548387810588,-0.8288709668442608,-0.8651612900197506,-0.8709677428007127,-0.9,-0.853548387810588,-0.9,-0.9,-0.9,-0.9,-0.9,-0.9,-0.8477419350296259,-0.9,-0.8361290328204632,-0.9,0.13284552097320568,-0.08997641801834111,-0.14363009333610532,-0.1453702032566071,0.2120988965034486,-0.17812137007713313,-0.02758807539939878,0.040416383743286155,-0.0920198321342468,0.06195484399795537,0.11936087608337409,0.09227045774459841,0.023561167716980025,0.09152351617813115,0.13385360240936273,-0.2866544902324677,0.01952283382415776,0.16223384141922004,-0.031032192707061812,0.06847261190414433
0.1722603516461857,0.5233406244705187,-0.027452120039561323,-0.4429563301968942,0.044335452783852536,0.04986940954171715,0.6593761847492813,0.7630284854343959,0.7128654644706033,-0.37467000424861907,0.5210999794006347,0.07058999598026272,0.0,0.30013501524925223,-0.853548387810588,-0.8274193536490202,-0.8651612900197506,-0.8709677428007127,-0.9,-0.853548387810588,-0.9,-0.9,-0.9,-0.9,-0.9,-0.9,-0.8477419350296259,-0.9,-0.8361290328204632,-0.9,0.13512411117553713,-0.09052530527114866,-0.14333419203758235,-0.14772427082061768,0.2104849576950073,-0.1776305794715881,-0.02754843235015869,0.039035475254058816,-0.09269928932189941,0.06293288469314573,0.12121868133544933,0.09468712806701662,0.025034451484680198,0.09038282632827754,0.13389877080917356,-0.2862917482852936,0.020525765419006303,0.16217987537384027,-0.03023048043251042,0.07042182683944698
0.1722603516461857,0.5233406244705187,-0.02745348347921117,-0.4429591406757029,0.044335452783852536,0.04986940954171715,0.6587088905000836,0.7630284854343959,0.712705920826305,-0.3752100040018559,0.5220119819641115,0.07330499500036236,0.009000000804662789,0.27488999962806704,-0.853548387810588,-0.8259677404537797,-0.8651612900197506,-0.8738709683530033,-0.9,-0.853548387810588,-0.9,-0.9,-0.9,-0.9,-0.9,-0.9,-0.8477419350296259,-0.9,-0.8361290328204632,-0.9,0.13535349369049066,-0.09040530323982243,-0.1444235980510712,-0.14674977064132688,0.21116870641708385,-0.17661327123641968,-0.027807694673538164,0.03959090709686275,-0.0919611990451813,0.06420983076095577,0.12071399688720696,0.09464163780212398,0.025562310218811057,0.09062916040420532,0.13305301666259772,-0.2861333906650543,0.021363151073455766,0.16304107904434206,-0.030911332368850686,0.07178181409835815
0.1722603516461857,0.5233406244705187,-0.02745348347921117,-0.4429647616333206,0.04433408999438837,0.04986940954171715,0.6573954794523919,0.7617427417210169,0.7130250081149015,-0.37629000484943387,0.5263439769744872,0.076019994020462,0.002250000201165614,0.28050000607967396,-0.8520967746153474,-0.8303225800395012,-0.8651612900197506,-0.8738709683530033,-0.9,-0.853548387810588,-0.9,-0.9,-0.9,-0.9,-0.9,-0.9,-0.8477419350296259,-0.9,-0.8361290328204632,-0.9,0.13433178663253786,-0.09051468372344973,-0.1436624944210052,-0.14647323489189146,0.20990570783615115,-0.1774661600589752,-0.026859909296035767,0.03964766263961794,-0.09064316153526308,0.06256638765335087,0.11974411010742181,0.0945818781852722,0.02334659099578862,0.09112418889999385,0.13301728963851922,-0.28817245960235593,0.020145320892334007,0.1629678010940553,-0.031039381027221702,0.06966480016708376
0.1722603516461857,0.5233652339744371,-0.027450756599911474,-0.4429591353121938,0.044332727204924316,0.04986940954171715,0.6572207111894114,0.765342766898019,0.7256291042674673,-0.3784500025212765,0.541163984298706,0.07330499500036236,0.004500000402331228,0.2804999899864197,-0.8520967746153474,-0.8288709668442608,-0.8651612900197506,-0.8709677428007127,-0.9,-0.853548387810588,-0.9,-0.9,-0.9,-0.9,-0.9,-0.9,-0.8477419350296259,-0.9,-0.8361290328204632,-0.9,0.1338459849357606,-0.08988409638404848,-0.1455138623714447,-0.14701632857322688,0.21177252531051638,-0.17712444663047788,-0.025896835327148482,0.04126460552215572,-0.09009620547294617,0.0618918657302856,0.1173457860946655,0.09448006153106692,0.024165308475494363,0.09280582666397097,0.1326430678367615,-0.2861160635948181,0.02038993835449221,0.1616790533065796,-0.03212535381317139,0.06908469200134282
0.17225490048832925,0.5237554790151807,-0.027452120039561323,-0.4410469611561584,0.044332727204924316,0.04988066084885645,0.6570565341771165,0.7968427930559431,0.7088768187436191,-0.3735900034010411,0.6031799697875978,0.076019994020462,-0.002250000201165614,0.28891500771045686,-0.853548387810588,-0.8274193536490202,-0.8651612900197506,-0.8724193555768579,-0.9,-0.853548387810588,-0.9,-0.9,-0.9,-0.9,-0.9,-0.9,-0.8477419350296259,-0.9,-0.8361290328204632,-0.9,0.13633496761322028,-0.09619560241699221,-0.14231033921241765,-0.14787195324897762,0.21015429496765148,-0.17805388569831848,-0.029248201847076438,0.041601705551147505,-0.0933170557022095,0.06303952932357793,0.11793855428695676,0.09368773698806765,0.022942864894866966,0.08505649566650386,0.12971431016922008,-0.28678479194641116,0.019281435012817427,0.1600476264953613,-0.031210988759994507,0.06442880630493164
0.17225216450642822,0.5238503965977318,-0.027452120039561323,-0.4341828118368997,0.04433817966315223,0.04988066084885645,0.6569347272182314,0.7928570202418738,0.7286604569175027,-0.3784500011801719,0.615719970703125,0.08687999546527858,0.002250000201165614,0.2917200136184691,-0.8506451614201069,-0.8274193536490202,-0.8651612900197506,-0.8724193555768579,-0.9,-0.853548387810588,-0.9,-0.9,-0.9,-0.9,-0.9,-0.9,-0.8477419350296259,-0.9,-0.8361290328204632,-0.9,0.12801411151885989,-0.09326378703117366,-0.1330619752407074,-0.14698145985603328,0.21930202245712282,-0.19449443221092222,-0.032270407676696755,0.03783835172653194,-0.09982516765594485,0.06829408407211301,0.12423316240310667,0.08644598722457886,0.02431443929672239,0.06992390155792239,0.14012385606765754,-0.2792204260826111,0.01517840623855593,0.16322400569915774,-0.02257298827171328,0.06267700195312498
0.17123359901623003,0.5247011880522648,-0.027452120039561323,-0.41790682488521375,0.046702556965465325,0.04987222236850197,0.6568076221086693,0.7445141928536553,0.7762050091136586,-0.39410999938845637,0.5949719810485842,0.1438949990272521,0.009000000804662789,0.2833050119876862,-0.8520967746153474,-0.8274193536490202,-0.8651612900197506,-0.8738709683530033,-0.9,-0.853548387810588,-0.9,-0.9,-0.9,-0.9,-0.9,-0.9,-0.8477419350296259,-0.9,-0.8361290328204632,-0.9,0.11700192689895628,-0.09129821062088017,-0.10135102272033691,-0.15116254091262815,0.2272364258766174,-0.2269935786724091,-0.04701290130615232,0.01048400402069094,-0.13242017626762392,0.08150342702865598,0.15138602256774913,0.05000603199005127,0.03540923595428469,0.02927974462509153,0.13848524093627923,-0.25570421218872075,0.008446490764617898,0.17943377494812018,0.009806478023529075,0.05263298749923706
0.1672438924200469,0.529950066664265,-0.027449393160261515,-0.3830911551160924,0.05793129456428259,0.04986659671493221,0.6564474968573569,0.7676570892333984,0.7431791002100164,-0.3997800028324128,0.5910959529876708,0.10588499665260309,0.009000000469386538,0.2889149916172028,-0.8520967746153474,-0.8259677404537797,-0.8651612900197506,-0.8738709683530033,-0.9,-0.853548387810588,-0.9,-0.9,-0.9,-0.9,-0.9,-0.9,-0.8477419350296259,-0.9,-0.8361290328204632,-0.9,0.12325984239578258,-0.11580603718757632,-0.047947329282760576,-0.1565626859664917,0.19843250513076793,-0.25916512012481685,-0.0560945928096771,-0.0315051734447479,-0.1582010328769684,0.0974567770957947,0.15845932960510256,0.005027425289154008,0.0470059275627136,-0.03820334672927861,0.13506585359573375,-0.2538695812225342,-0.0028961420059203657,0.2055098891258239,0.04267008304595943,0.027406489849090554
0.16004712609600114,0.5386337480533864,-0.027452120039561323,-0.32592272026849145,0.07784986568256225,0.04839256817106863,0.6561191403074332,0.6516856466020856,0.6819136346470226,-0.39600000187754625,0.4691159706115723,0.10588499665260309,-0.0202500011399388,0.2496450001001359,-0.8520967746153474,-0.8288709668442608,-0.8651612900197506,-0.8738709683530033,-0.9,-0.853548387810588,-0.9,-0.9,-0.9,-0.9,-0.9,-0.9,-0.8477419350296259,-0.9,-0.8361290328204632,-0.9,0.13003435134887698,-0.16393291354179385,-0.06138927340507505,-0.12929363250732417,0.16198321580886843,-0.23186302185058594,-0.03548836112022402,-0.06219259500503538,-0.12124652266502378,0.12849841117858884,0.17477102279663093,0.018744671344757102,0.010729157924652122,-0.08953186869621277,0.16568616628646848,-0.29293879866600037,0.03196817636489868,0.20892423391342174,0.04400067329406743,0.03461390733718872
0.14918519472470682,0.546575617186252,-0.02745484691886113,-0.25378026082264993,0.09623309192312046,0.03243424288771002,0.6469729311776767,0.6953999314989364,0.639315001747825,-0.393570000976324,0.3897719879150391,0.05158499747514733,-0.09225000321865073,0.2215950000286101,-0.8506451614201069,-0.8259677404537797,-0.8622580653056503,-0.8724193555768579,-0.9,-0.8550000010058284,-0.9,-0.9,-0.9,-0.9,-0.9,-0.9,-0.8477419350296259,-0.9,-0.8361290328204632,-0.9,0.15075173377990725,-0.20121824741363525,-0.08869732618331905,-0.09939392209053044,0.12429753541946409,-0.17979490756988525,-0.029194182157516457,-0.058128297328948975,-0.05625134110450747,0.1515208840370178,0.22873009443283088,0.08861149549484248,-0.07052573561668396,-0.08937544226646421,0.19994097948074352,-0.3247051656246185,0.11734610795974743,0.1759050607681275,0.013653731346130349,0.0584946870803833
0.13563705967812034,0.5519651320722786,-0.027448029720611777,-0.1699285260423986,0.10784089305240807,-0.0041323422984348435,0.6038422320228986,0.6519427708217077,0.6699477247758344,-0.4375800016522407,0.3304919843673707,0.08959499850869179,-0.038249999731779116,0.19915500104427342,-0.8506451614201069,-0.8303225800395012,-0.8651612900197506,-0.876774193905294,-0.9,-0.8564516142010689,-0.9,-0.9,-0.9,-0.9,-0.9,-0.9,-0.8477419350296259,-0.9,-0.8361290328204632,-0.9,0.16517107486724847,-0.16264137625694275,-0.11805791258811948,-0.10680953264236448,0.07772301435470585,-0.13993948101997378,0.0022197961807250977,-0.10627883076667788,0.03809198141098025,0.10890294313430793,0.24906992912292492,0.1879037618637086,-0.11039301753044128,-0.06089864373207088,0.22355321645736692,-0.35741336345672603,0.18373239040374767,0.1553000092506408,-0.046885067224502586,0.04475212097167969
0.11816878271585607,0.5561803981085395,-0.027458937237810566,-0.07543328810930439,0.11205558994732401,-0.046755382260108336,0.5315517085517619,0.6726428031921386,0.6059700055555864,-0.3730500036478043,0.21033597278594962,0.10588499665260309,-0.07650000214576724,0.21598500967025747,-0.8491935482248664,-0.8259677404537797,-0.8637096776627005,-0.8724193555768579,-0.9,-0.853548387810588,-0.9,-0.9,-0.9,-0.9,-0.9,-0.9,-0.8477419350296259,-0.9,-0.8361290328204632,-0.9,0.20565719604492194,-0.13738655447959902,-0.08975352644920354,-0.09710905551910398,0.05308542251586912,-0.1297801852226257,0.0024287939071655495,-0.0995771169662476,0.10578932762145998,0.07078199386596684,0.2588870286941528,0.23662834167480462,-0.10088405013084412,-0.05108529925346372,0.2444162964820863,-0.3680554568767548,0.20747863054275506,0.110033655166626,-0.09316776394844051,0.004718863964080833
0.09842472016941606,0.5603113078616148,-0.027457573798160828,0.02536369766126323,0.11654572375783301,-0.08139785379547138,0.452349886416214,0.779742785862514,0.5975140948729082,-0.3916800025105476,0.30062398624420184,0.05972999654710287,-0.05400000281631945,0.21598500430583967,-0.8520967746153474,-0.8303225800395012,-0.8651612900197506,-0.876774193905294,-0.9,-0.8550000010058284,-0.9,-0.9,-0.9,-0.9,-0.9,-0.9,-0.8477419350296259,-0.9,-0.8361290328204632,-0.9,0.2600582957267762,-0.11080945730209346,-0.03463311195373531,-0.08812134861946108,0.07343523502349858,-0.14466757178306577,-0.00939293503761296,-0.09458804726600645,0.108610475063324,0.052088820934295677,0.28203181028366087,0.22664419412612913,-0.10248152017593382,-0.0588823199272156,0.2274298667907716,-0.31770250797271726,0.1957008361816407,0.10397572517395026,-0.1457692623138428,-0.024030607938766435
0.08000605880204903,0.5647269670095497,-0.02748075422276619,0.1314275958086707,0.1404171918526781,-0.11753967199847715,0.3672059433393301,0.7500427927289691,0.528430910760706,-0.31230000525712975,0.05825998413562772,0.02172000020742404,-0.10350000321865083,0.18513000369071964,-0.8506451614201069,-0.8274193536490202,-0.8651612900197506,-0.8738709683530033,-0.9,-0.8564516142010689,-0.9,-0.9,-0.9,-0.9,-0.9,-0.9,-0.8390322575345636,-0.9,-0.8361290328204632,-0.8970967742381618,0.29276354312896735,-0.03882706761360166,0.014750969409942583,-0.11196103692054749,0.06340720653533938,-0.1764558792114258,-0.01737534999847412,-0.1060631275177002,0.07261984348297124,0.011234378814697243,0.32341099977493293,0.16390979290008556,-0.11267616748809817,-0.03114495277404783,0.23271735906600954,-0.19631726145744322,0.17106914520263683,0.12760051488876345,-0.19892833828926082,-0.041160857677459695
0.066558853399587,0.5690617701906601,-0.027606200423342053,0.2258722236691696,0.18279051389003598,-0.16008676090029073,0.2742186210310319,0.6867856979370116,0.5630522736636075,-0.4216500005498529,0.007187995076179621,0.07330499600619078,-0.04950000140815969,0.20195999622344962,-0.8520967746153474,-0.8288709668442608,-0.8637096776627005,-0.8753225811291486,-0.9,-0.8564516142010689,-0.9,-0.9,-0.9,-0.9,-0.9,-0.9,-0.8477419350296259,-0.9,-0.8361290328204632,-0.9,0.32630853652954095,0.008041155338287309,0.0721975564956665,-0.15705766081810002,0.004569733142852805,-0.23752908110618587,-0.009995359182357832,-0.10159370899200437,0.027489209175109885,0.011205303668975874,0.35562390089035045,0.08919836282730098,-0.10353873968124394,7.145404815678269e-05,0.22955846786499035,-0.07596938610076909,0.16556557416915896,0.142467999458313,-0.20263128876686098,-0.003407210111618042
0.05858487055913164,0.5734668948615772,-0.031051861439747586,0.3029385132638275,0.23399275069411674,-0.20330053938034254,0.1744735858199319,0.5750571114676338,0.52699500430714,-0.41733000118285424,-0.1866119992733002,0.0,-0.07650000113993882,0.1823250004649163,-0.8506451614201069,-0.8288709668442608,-0.8651612900197506,-0.876774193905294,-0.9,-0.853548387810588,-0.9,-0.9,-0.9,-0.9,-0.9,-0.9,-0.8477419350296259,-0.9,-0.8361290328204632,-0.9,0.345223367214203,0.06668143272399907,0.03215764760971074,-0.18922576904296873,-0.03509536385536194,-0.21065071821212766,0.05100681781768801,-0.09048308730125432,-0.010925763845443748,0.06794625520706177,0.34463821649551385,0.12556557655334466,-0.10084934234619136,-0.04494583010673525,0.21338903903961193,-0.030964654684066728,0.20399358272552492,0.1747793912887573,-0.17371374964714048,0.026644849777221702
0.05650002114154673,0.5747958114259549,-0.04204470902486268,0.352562300883568,0.2792404089721324,-0.24607548200666196,0.09437143666676573,0.5029285158429827,0.517422274459492,-0.36819000184535977,-0.2755319911837578,0.02171999953687187,-0.11025000482797631,0.18232499778270717,-0.8506451614201069,-0.8288709668442608,-0.8622580653056503,-0.8753225811291486,-0.9,-0.853548387810588,-0.9,-0.9,-0.9,-0.9,-0.9,-0.9,-0.8477419350296259,-0.9,-0.8361290328204632,-0.9,0.21219824552536004,0.037632894515991167,-0.04821614027023313,-0.2564292669296264,-0.09566511511802678,-0.1103741347789764,0.051304650306701616,-0.09348539113998411,-0.20883990526199336,0.3051380753517151,0.22185312509536737,0.14987980127334588,-0.16754606366157532,-0.0554370760917664,0.21780792474746702,0.11494810581207282,0.21411967277526867,0.2227259159088134,-0.1669925093650818,0.014175474643707275
0.0588071300774502,0.5748590954023113,-0.06005841646268595,0.3731828697199596,0.3162291209715674,-0.29422050666573096,0.04955131433695514,0.6228856904166086,0.4898209109089592,-0.20079000592231755,-0.24839999914169308,0.02171999953687187,-0.10350000590085984,0.23562000811100015,-0.8506451614201069,-0.8274193536490202,-0.8622580653056503,-0.8738709683530033,-0.9,-0.8550000010058284,-0.9,-0.9,-0.9,-0.9,-0.9,-0.9,-0.8477419350296259,-0.9,-0.8332258064299822,-0.9,0.1407151222229005,0.07853894233703618,-0.18099047541618352,-0.2336205661296844,-0.14380325675010686,0.059371876716613814,-0.14343954920768742,-0.10430563688278194,-0.12949152588844304,0.35301078557968146,0.15007688999176028,0.1016337275505067,-0.13994382619857793,0.020587885379791282,0.28060594797134397,0.18939775228500377,0.19710985422134397,0.23864428997039788,-0.06628993749618528,-0.0746306955814362
0.06634476021507985,0.5748942494416279,-0.08154232813098417,0.3719709097322609,0.34051782630633565,-0.33030606162625187,0.038477361214404815,0.6376713752746582,0.4837581822005187,-0.14301002025604248,-0.25364399886131284,0.0244350002333521,-0.06525000214576715,0.2496450054645537,-0.853548387810588,-0.8303225800395012,-0.8651612900197506,-0.8753225811291486,-0.9,-0.853548387810588,-0.9,-0.9,-0.9,-0.9,-0.9,-0.9,-0.8433870962820947,-0.9,-0.8361290328204632,-0.9,0.2781028032302856,0.17789493799209588,-0.19518966078758238,-0.14101740717887878,-0.049620705842971846,0.09466170072555546,-0.2944423913955688,-0.13334033489227293,0.02737548351287844,0.20761660337448118,0.07699817419052124,0.08629149198532104,-0.057094573974609375,0.1852632880210877,0.27392091751098635,0.13826562166213996,0.1933362007141114,0.2258020877838135,-0.11756508350372319,-0.1819243669509888
0.07936791963178469,0.5749610471455194,-0.10336166935984148,0.3568759353203216,0.35165794357884017,-0.34559488182187237,0.03804837768163283,0.5409856591905867,0.4303104556690561,0.010079988241195714,-0.37311599457263944,0.04343999840319157,-0.1260000059008598,0.2805000007152557,-0.8520967746153474,-0.8259677404537797,-0.8651612900197506,-0.8709677428007127,-0.9,-0.853548387810588,-0.9,-0.9,-0.9,-0.9,-0.9,-0.9,-0.8433870962820947,-0.9,-0.8361290328204632,-0.9,0.365998899936676,0.21766469478607176,-0.2131894290447235,-0.07803924679756169,0.014085352420806885,0.13969717025756834,-0.19674888253211975,-0.2075827538967132,0.09148982763290403,0.06795022487640379,0.07240537405014036,0.0811254501342773,0.0477075934410095,0.06663572788238525,0.08576148748397827,-0.07050036191940312,0.05116270780563359,0.146638298034668,-0.07366477847099306,-0.13800378441810612
0.094369578873012,0.5749364409943946,-0.12180762032615222,0.3226676883290186,0.3543495620015834,-0.35176386568125073,0.03814900718981462,0.5425285066877094,0.43812818250872876,0.04922997772693638,-0.3826919968128205,0.05701499819755562,-0.146250002682209,0.2805000007152557,-0.8506451614201069,-0.8288709668442608,-0.8651612900197506,-0.8753225811291486,-0.9,-0.8579032273963094,-0.9,-0.9,-0.9,-0.9,-0.9,-0.9,-0.8477419350296259,-0.9,-0.8361290328204632,-0.9,0.30451773405075067,0.08729699850082395,-0.22124533653259282,-0.06956158876419072,-0.0006758630275726096,0.21649267673492434,-0.14081844091415407,-0.31722620129585266,-0.05271366834640501,0.09982484579086304,0.262102997303009,0.02174531221389775,0.05193582773208616,0.04121761322021489,0.0587663412094116,-0.19640969038009648,0.08526077270507815,0.0948899030685425,-0.19526143670082097,0.07032312154769893
0.10942440770928397,0.5750032386982858,-0.1344871617421689,0.2745342911853791,0.35448046261094424,-0.3743665613296322,0.038148986987142974,0.5582141876220704,0.45918818397955474,0.03005997776985181,-0.2930879949331284,0.07601999804377568,-0.1282500050961971,0.2692800092697144,-0.8724193555768579,-0.8579032257199287,-0.88112903223373,-0.8941935484763235,-0.9,-0.88112903223373,-0.9,-0.9,-0.8549999984912574,-0.7954838700592518,-0.8404838724061847,-0.7954838686971926,-0.6793548412621021,-0.799838708806783,-0.7112903214991093,-0.8100000001257286,0.24578261375427257,-0.06717367172241206,-0.12268724441528323,-0.06688216924667356,-0.027217233180999778,0.2432906270027161,-0.14647430777549741,-0.27300800085067745,-0.03266018629074097,0.16507269144058234,0.3159328937530518,-0.07845874428749089,-0.02869470119476314,-0.08032169938087463,0.04955735206604006,-0.25092499852180483,0.2853707313537598,-0.03689695000648496,-0.18311188817024227,0.23495904207229612
0.12191305196985824,0.5748766740983665,-0.14074989453393727,0.2344011043303319,0.35457454709882985,-0.4124268628770158,0.03815957318716057,0.5530713353838238,0.4770572730627928,0.005219986438751323,-0.24817199635505682,0.07330499634146692,-0.17100000053644182,0.25806000709533683,-0.876774193905294,-0.8651612900197506,-0.8825806450098753,-0.8941935484763235,-0.9,-0.8927419355954044,-0.9,-0.9,-0.5603225760161876,-0.16548390090465548,-0.4253225840628147,-0.17854840457439425,-0.416612908244133,-0.5820967622101307,-0.5980645157396793,-0.6851612839847803,0.23148837089538576,-0.05230468511581421,-0.12085449099540713,-0.10761789679527278,-0.030246198177337646,0.2313262581825256,-0.14561975598335264,-0.2278265655040741,0.03541631698608394,0.1691804409027099,0.3262936234474182,0.016528844833374023,-0.1065063893795013,-0.12303437590599064,0.07738183736801152,-0.35714594721794124,0.2994087696075439,-0.08499201536178591,-0.20161178112030032,0.20891404151916515
0.12865029817018947,0.5748309688180647,-0.1428497450385996,0.22141795802179176,0.3547668044429929,-0.438287056069324,0.03814369388713401,0.4473856585366386,0.4729090932011605,-0.055260018110275255,-0.31292399275302885,0.07058999732136728,-0.15975000858306887,0.24684000492095948,-0.88112903223373,-0.8651612900197506,-0.8825806450098753,-0.8956451613572426,-0.9,-0.8941935484763235,-0.9,-0.9,-0.4906451627612114,-0.013064530491828874,-0.2990322545170784,0.030483828485012077,-0.27725808173418043,-0.4122580736875534,-0.5167741902172566,-0.6140322491526604,0.23731573820114138,0.0203532457351685,-0.11680172681808476,-0.14259250760078435,-0.036899417638778687,0.22168596982955935,-0.04107550978660579,-0.2119351744651794,0.09255251884460447,0.16741608381271356,0.32977480888366706,0.05569810867309566,-0.10122190117835994,-0.16927131414413454,0.12513073682785036,-0.3580783367156982,0.3500491976737977,-0.12651389837265015,-0.25165649056434636,0.18130681514739988
0.12984611991747308,0.5747887839708853,-0.14372513701203038,0.22919317982742193,0.35723208018051167,-0.44983174493230643,0.03811722838709031,0.5306999547140939,0.49301182134584953,-0.05742001712322231,-0.2183039995729924,0.07330499768257137,-0.058500001877546226,0.2496450054645537,-0.8825806450098753,-0.8651612900197506,-0.8825806450098753,-0.8985483871190809,-0.9,-0.8941935484763235,-0.9,-0.9,-0.5603225827217102,-0.1640322625637054,-0.4441935606300831,-0.1785483911633492,-0.4296774253249169,-0.5443548358976842,-0.615483870729804,-0.6953225780278445,0.25668922662734983,0.0363273024559021,-0.1400948882102966,-0.1526822805404663,-0.05101888775825503,0.20646861791610716,-0.008460706472396828,-0.15847708582878117,0.12112598419189446,0.19573988914489748,0.33093502521514895,0.03372062444686885,-0.0616208016872406,-0.19472923278808596,0.14477609395980828,-0.36704565882682805,0.3808598399162292,-0.1357761025428772,-0.25554649829864506,0.15848819017410276
0.1295120596482363,0.5747536232259817,-0.14399511496753714,0.2456969764678968,0.364398833927429,-0.4711910826121874,0.038106642187072715,0.4760570730481829,0.5025845487551256,-0.09171002089977265,-0.25409999907016756,0.01357500012964008,-0.0810000018775463,0.24403500437736503,-0.8825806450098753,-0.8666129032149911,-0.8825806450098753,-0.9,-0.9,-0.8956451613572426,-0.9,-0.9,-0.6822580642998218,-0.44999998658895496,-0.6604838781058788,-0.5269354909658432,-0.6924193583428859,-0.7722580639645458,-0.7664516111835837,-0.8317741932347417,0.20756446123123162,0.008265602588653609,-0.10552641749382019,-0.17072120904922483,-0.027091705799102805,0.22942607402801507,0.0600864171981812,-0.07551169395446777,0.1864997863769532,0.1831401586532594,0.2923649668693543,-0.07265862822532654,-0.04986832737922664,-0.245082288980484,0.14468640089035045,-0.38142701983451843,0.36743720769882204,-0.246372002363205,-0.2730306923389435,0.1523832678794862
0.12935250925121078,0.5747782360826935,-0.14404693217609055,0.2624256972292235,0.3735768256549258,-0.5073863498895352,0.038021891978917255,0.4754142420632498,0.4934904566678132,-0.08955002725124361,-0.2629919940233231,0.01085999976843599,-0.03600000020116567,0.23001000165939323,-0.8854838709812611,-0.8709677428007127,-0.8825806450098753,-0.9,-0.9,-0.8970967742381618,-0.9,-0.9,-0.7983870964497328,-0.7098387166857719,-0.7882258057594299,-0.7562903188169002,-0.8027419360354543,-0.8535483886487782,-0.8216129025444389,-0.876774193905294,0.23154298067092893,0.018967187404632546,-0.10216223001480107,-0.18727076053619385,-0.061941432952880904,0.23002259731292718,0.12373212575912473,-0.05603440403938298,0.2171233177185058,0.2452968120574951,0.27065259218215953,-0.11139278411865239,0.04117426872253416,-0.26432166695594783,0.14919025897979743,-0.36037210822105403,0.39079849720001214,-0.25861365795135494,-0.30870160460472107,0.14325549602508547
0.12935659761960283,0.5747887806180917,-0.14409874678390067,0.2739549892861769,0.3836097441072025,-0.5362817884103981,0.03791069647338907,0.43877134323120115,0.48120545560663397,-0.08766002476215362,-0.29992799592018127,0.05972999855875971,-0.04950000241398811,0.23001000165939323,-0.8869354839669541,-0.8709677428007127,-0.8825806450098753,-0.9,-0.9,-0.8970967742381618,-0.9,-0.9,-0.8143548399209977,-0.7432258017361164,-0.7954838683828712,-0.7780645117163658,-0.8070967756211758,-0.8535483886487782,-0.8216129025444389,-0.876774193905294,0.21585624217987054,0.016973876953125022,-0.09079738855361941,-0.19071874022483826,-0.061377364397048995,0.2532875418663024,0.1934540033340454,0.014050590991973921,0.24811935424804699,0.2660550713539124,0.19133527278900153,-0.2235732793807983,0.07723892927169795,-0.3182320833206177,0.12393704652786253,-0.35316646099090576,0.37437983751297,-0.3298515737056732,-0.2971311986446381,0.13069106340408332
0.12932388026949238,0.57479229769842,-0.14411238508151447,0.27524291801786027,0.3881789587177763,-0.5422510441304043,0.0378471186652688,0.4448142324175154,0.48886363831433377,-0.09117001712322237,-0.34347599601745604,0.06787499830126764,-0.058500001877546226,0.227205001115799,-0.888387096952647,-0.8709677428007127,-0.8825806450098753,-0.9,-0.9,-0.8985483871190809,-0.9,-0.9,-0.769354835897684,-0.666290320828557,-0.7417741935700178,-0.7083870951086283,-0.7896774189546705,-0.8303225817158818,-0.8187096778303385,-0.8724193555768579,0.21662367582321174,0.03485530614852905,-0.0758723974227905,-0.2064717292785645,-0.07894030809402464,0.26875412464141857,0.1982319831848144,0.004074168205261186,0.26079493761062633,0.2966867566108703,0.16259368658065798,-0.20849878191947935,0.11673027276992809,-0.3232484042644501,0.09272503852844238,-0.3262486159801483,0.3628592133522034,-0.32594402432441716,-0.2976688742637634,0.10900518894195554
0.12930888958538767,0.5750419064651372,-0.1441369256948405,0.26888494987719247,0.3887189042258169,-0.5414915245614784,0.03778360146516335,0.46011420658656543,0.531302728544582,-0.11466001510620116,-0.31771199655532845,0.07058999732136728,-0.03375000201165668,0.21878999948501587,-0.888387096952647,-0.8709677428007127,-0.8825806450098753,-0.9,-0.9,-0.9,-0.9,-0.9,-0.6851612940430641,-0.5022580616176129,-0.6256451580673457,-0.5545161366462708,-0.7388709671795368,-0.7896774172782898,-0.7983870947733521,-0.8564516142010689,0.14813936948776252,0.026238441467285156,-0.06473667025566099,-0.19830510020256042,-0.05507964491844175,0.2917811036109924,0.23576349020004284,0.03391760587692261,0.2826909899711608,0.2462442755699158,0.11277208328247068,-0.2616522252559662,0.0805367588996887,-0.3447429299354553,0.07583699226379392,-0.3600338816642761,0.3710286855697632,-0.38302695751190186,-0.27945131063461304,0.11197181940078738
0.1296565777492652,0.579570082008439,-0.1441423794534401,0.25807829413869066,0.3887421028556247,-0.5281661996455812,0.0377783083651545,0.4972713538578578,0.5410350049625744,-0.12438001334667204,-0.2965079970359802,0.09230999618768698,0.02475000221282242,0.1991549956798554,-0.8840322579955683,-0.8709677428007127,-0.8825806450098753,-0.9,-0.9,-0.9,-0.9,-0.9,-0.48919355124235153,-0.18580647557973862,-0.37741935029625895,-0.27145160883665087,-0.719999997317791,-0.7838709661737084,-0.8041935475543142,-0.8608064519008621,0.13252805471420281,0.04684402942657473,-0.060946762561798096,-0.21862803697586064,-0.025577920675277754,0.2841589093208313,0.2020751595497131,-0.005885517597198464,0.2925794363021851,0.19115052223205564,0.1278975963592529,-0.20710440874099734,0.024995613098144576,-0.3440094530582428,0.09893070459365849,-0.4018328905105591,0.3928937315940858,-0.40447341799736025,-0.28771278262138367,0.1084933161735534
0.13128600581450034,0.5886439950271302,-0.14414101406323288,0.24530048441548746,0.38876663306597814,-0.49814834531846325,0.03778360146516335,0.48994280270167756,0.5273140945217828,-0.13869001150131222,-0.29741999959945686,0.0814499974250793,0.00450000107288373,0.17391001224517832,-0.8854838709812611,-0.8709677428007127,-0.8825806450098753,-0.9,-0.9,-0.8927419355954044,-0.9,-0.9,-0.2264516249299049,0.07403224110603335,-0.1741935566067696,-0.13064519762992854,-0.8593548389151693,-0.8898387101478875,-0.876774193905294,-0.9,0.1190162658691406,0.10644003152847292,-0.001211071014404319,-0.24460485577583313,0.03393101692199707,0.2900510787963867,0.16174342632293703,-0.045251923799514815,0.33189300298690794,0.1416365146636963,0.10223518610000604,-0.11437132358551028,-0.03078017234802244,-0.32013355493545537,0.07631667852401736,-0.43268612623214725,0.3679893136024476,-0.47077370882034303,-0.3231654167175293,0.0733063817024231
0.13420942848329676,0.6002140191825475,-0.14413828848430466,0.22766910651368832,0.3887898004868672,-0.47705623825536064,0.03782594626523361,0.4732285227094378,0.5344936394691467,-0.16245000064373016,-0.3058559954166412,0.08959499716758734,-0.0315000021457672,0.1598850041627885,-0.8854838709812611,-0.8709677428007127,-0.8825806450098753,-0.9,-0.9,-0.8825806450098753,-0.9,-0.9,-0.11467741727828984,0.17419357001781466,-0.08709677159786222,-0.07258062958717348,-0.8869354837574065,-0.9,-0.8941935484763235,-0.9,0.11614952087402342,0.2424586057662964,0.07092983722686763,-0.30039244294166567,0.11899738311767571,0.28286168575286863,0.13253116607666027,-0.11311159729957576,0.3682367205619813,0.11255385875701907,0.06297161579132082,-0.02578874230384831,-0.016156661510467574,-0.27207646965980525,0.04991548061370854,-0.4178513646125794,0.3030411243438721,-0.47525307834148406,-0.3781352519989014,0.017797207832336404
0.13783508303906034,0.6141571270718605,-0.14413556290537644,0.20447272312200304,0.3888075583617919,-0.46793077894826374,0.0379530614761312,0.4725856304168702,0.549490913694555,-0.19188000798225402,-0.31360798931121825,0.11402999907732003,-0.04500000067055221,0.12061500191688557,-0.8869354839669541,-0.8709677428007127,-0.8825806450098753,-0.9,-0.9,-0.8912903227144853,-0.9,-0.9,-0.08419352173805239,0.20612905025482176,-0.04064517617225649,-0.026129034161567644,-0.8956451612524688,-0.9,-0.8941935484763235,-0.9,0.11836330890655511,0.38243322372436517,0.12379757165908811,-0.3149331271648407,0.21759184598922732,0.29611319303512584,0.10756409168243419,-0.19074845910072324,0.3872966051101684,0.08084875345230103,-0.033130055665969826,0.08971517086029057,0.01973880529403682,-0.24001151919364927,0.028700387477874734,-0.3966295123100281,0.21717631816864025,-0.44785197973251345,-0.4272841572761536,-0.02648241519927974
0.14249975532995618,0.6330678577890881,-0.14413420011591238,0.1803455778017572,0.388806195572328,-0.46323864584903685,0.03820725149258308,0.4386428015572684,0.5336959105188196,-0.229680004119873,-0.32044799137115476,0.12488999783992771,-0.03375000067055234,0.056100001484155615,-0.8854838709812611,-0.8709677428007127,-0.8825806450098753,-0.9,-0.9,-0.8941935484763235,-0.9,-0.9,-0.08999996781349184,0.21483871936798093,-0.013064517080783822,0.01741933822631836,-0.8825806450098753,-0.9,-0.8941935484763235,-0.9,0.1427221655845642,0.47788220643997203,0.13812400102615363,-0.28337253928184514,0.28624330759048455,0.2687548756599426,0.05293972492218013,-0.25231760144233706,0.33830691576004035,0.04682857990264888,-0.17082077264785767,0.15120095014572155,0.017570185661315962,-0.22534283995628357,-0.0496268749237061,-0.41035984754562377,0.09795631170272823,-0.3733491182327271,-0.4340846836566925,-0.04463957548141484
0.14828388114328306,0.6533356283021469,-0.14413010914677704,0.15725601405884404,0.38876391789002296,-0.4572947042287369,0.038440309514343185,0.4068856307438441,0.5308240907842462,-0.2529000028967857,-0.33230399680137634,0.10045499861240381,-0.004500000402331339,0.025245001539587975,-0.888387096952647,-0.8709677428007127,-0.8825806450098753,-0.9,-0.9,-0.8840322583098896,-0.9,-0.8970967742381618,-0.06096773743629458,0.23516128063201902,0.00870966911315918,0.023225784301757812,-0.9,-0.9,-0.8941935484763235,-0.9,0.09137481451034546,0.5708029389381409,0.10277913808822625,-0.2975247859954834,0.3469341874122619,0.2078501701354981,0.06846735477447508,-0.3204002201557159,0.09381734132766728,-0.030644345283508345,-0.2518212854862213,0.04815981388092039,-0.042620354890823386,-0.20315533876419067,-0.1791110515594483,-0.3723970949649811,-0.10502817034721379,-0.2214863061904907,-0.4295354962348938,-0.10750309824943538
0.1542111934770939,0.6723799510743637,-0.14413010914677704,0.13556971594895828,0.38870935429659526,-0.4557672306346036,0.03851974641981848,0.3896571227482387,0.5383227317983453,-0.2704500049352646,-0.3288839936256409,0.10588499397039419,-0.01575000140815974,0.0168300012499093,-0.888387096952647,-0.876774193905294,-0.8840322579955683,-0.9,-0.8985483871190809,-0.8419354839250446,-0.8956451613572426,-0.8550000010058284,-0.02758065909147267,0.24677417278289793,0.03193545341491699,0.01741933822631836,-0.9,-0.9,-0.8941935484763235,-0.9,-0.07773020267486574,0.527254593372345,0.04225455522537236,-0.2858378112316131,0.35952748060226447,0.2665444135665894,0.05135711431503298,-0.25638002157211304,-0.20642827749252324,0.04601007699966431,-0.22115795016288753,-0.08894156813621523,-0.1434359014034271,-0.23383364081382751,-0.22084997892379765,-0.3597731173038483,-0.19867814183235166,-0.07237849831581111,-0.3440688908100128,-0.21290227174758913
0.15938990787324003,0.6894590239078638,-0.14413556290537644,0.11578151010176418,0.38870662871766737,-0.4556969005754796,0.03857267741990622,0.34311424664088663,0.5065731857039711,-0.27342000961303714,-0.3434759938716888,0.11131499469280237,-0.006750000603497064,0.005610000416636507,-0.888387096952647,-0.876774193905294,-0.8854838709812611,-0.9,-0.8796774196671322,-0.8114516152068972,-0.8651612912770361,-0.8129032250493765,-0.011612892150878906,0.2525806188583374,0.0435483455657959,0.01741933822631836,-0.9,-0.9,-0.8941935484763235,-0.9,-0.2563476741313935,0.4045672416687013,-0.013784569501876787,-0.2653488993644715,0.2776779413223266,0.27009104490280145,0.008570301532745406,-0.07611143589019775,-0.3221353948116302,0.19393476247787478,-0.1937989890575409,-0.2854266822338104,-0.24580085277557373,-0.15008005499839783,-0.26967937946319576,-0.36591671705245976,-0.09632440209388737,0.07647825479507442,-0.09783309102058413,-0.2044569075107574
0.16315326658271234,0.7038380670306518,-0.14414237685269682,0.09646570068885363,0.38870254034927465,-0.45556187415894656,0.038742177836217806,0.3384856632777623,0.506732727397572,-0.29070000976324073,-0.35510399866104125,0.12217499881982807,-0.04050000093877315,-0.028050001747906284,-0.888387096952647,-0.876774193905294,-0.8854838709812611,-0.9,-0.8782258066814393,-0.8070967739447952,-0.8608064529486,-0.8070967722684145,-0.0029032230377197266,0.261290341615677,0.055161237716674805,0.023225784301757812,-0.9,-0.9,-0.8941935484763235,-0.9,-0.3582342803478241,0.29164774417877204,0.04278970956802364,-0.22042484879493718,0.12453024387359612,0.30571153163909914,-0.09292277097702029,0.041172015666961714,-0.27183190584182737,0.2906115531921386,-0.26754911541938786,-0.2944975376129151,-0.24150792360305784,-0.09814964532852177,-0.20220862627029423,-0.3860882163047791,0.11356022357940676,0.1350963234901429,0.03765960931777956,-0.2188926637172699
0.16647484223744857,0.7159249008267322,-0.1441587433299818,0.07586763713696898,0.38866163585940694,-0.45284448764658236,0.0406063591728949,0.30235707419259217,0.48168409044092353,-0.28719000935554506,-0.3753959999084473,0.11674499541521077,-0.07425000295042994,-0.056100001484155615,-0.888387096952647,-0.876774193905294,-0.8869354839669541,-0.9,-0.8898387097287923,-0.82306451741606,-0.876774193905294,-0.8288709668442608,0.005806446075439453,0.26709684133529665,0.07112901806831362,0.037741899490356445,-0.9,-0.9,-0.8941935484763235,-0.9,-0.3821772873401642,0.18627877235412604,0.10258537530899059,-0.15812035202980046,0.03709591627120967,0.3196197509765625,-0.21239168643951412,0.06879801750183101,-0.15810683369636536,0.39188210964202874,-0.2800752997398377,-0.2527723968029022,-0.18340870141983034,-0.12001667618751521,-0.15500625371932986,-0.39430081844329834,0.23068606853485119,0.0889153361320496,0.12600052356719982,-0.18223641514778133
0.16950190972632473,0.7250902244060261,-0.1441791929741726,0.05547483508129303,0.38739764343000094,-0.4337974572294664,0.0577813171490672,0.30325707026890336,0.46525091073729785,-0.2658600050210952,-0.3870239939689636,0.05429999649524697,-0.10575000107288368,-0.019635000787675327,-0.888387096952647,-0.876774193905294,-0.8854838709812611,-0.9,-0.8840322583098896,-0.817258064635098,-0.869516129186377,-0.8187096778303385,0.00870966911315918,0.2700000643730164,0.07983874082565312,0.03629028797149658,-0.9,-0.9,-0.8941935484763235,-0.9,-0.3854362785816192,0.14776836633682244,0.1987858057022095,-0.1146388471126556,-0.001966381072998069,0.30340375900268557,-0.275594025850296,0.0628393292427063,-0.0789422929286957,0.42956553697586053,-0.27832172513008113,-0.2531497836112976,-0.10371914505958557,-0.1399233341217041,-0.10316371321678164,-0.3856354594230652,0.27422529458999645,0.04215939044952388,0.20944511890411388,-0.11449695825576778
0.17189765199225737,0.731365673889324,-0.1441982824296424,0.03056874732325432,0.384731933611535,-0.3957905953669223,0.06719760064596969,0.3356570925031389,0.4628577287630603,-0.2623500019311905,-0.3430199904441834,0.024434999898076182,-0.08325000241398817,0.002805000208318198,-0.888387096952647,-0.876774193905294,-0.888387096952647,-0.9,-0.8680645164102316,-0.7983870930969715,-0.8477419350296259,-0.7925806436687708,0.010161280632019043,0.26709684133529665,0.06967737972736354,0.029032230377197266,-0.9,-0.9,-0.8941935484763235,-0.9,-0.3842230618000031,0.11379132270812986,0.2623803377151489,-0.09753858447074892,-0.02252154350280766,0.28302465677261346,-0.30331658720970156,0.04478784799575808,-0.016579055786132835,0.4184517502784729,-0.27589137554168697,-0.26942306756973267,-0.04206562042236328,-0.14240384101867676,-0.07763761281967163,-0.3333866715431213,0.3190712928771974,-0.03518130183219914,0.27432539463043215,-0.08416337370872495
0.17425520494427682,0.7358868127573738,-0.14422283084519838,0.0013883825588033583,0.38388790920246685,-0.3611790796811255,0.06738827346231624,0.3041570459093367,0.4408404556729578,-0.2404800045490264,-0.3986519837379455,0.024434999898076182,-0.22050000160932537,-0.002805000208318309,-0.888387096952647,-0.876774193905294,-0.8869354839669541,-0.9,-0.888387096952647,-0.8332258055917919,-0.8782258071005344,-0.8361290311440825,-0.04500001072883608,0.2598387300968171,0.06387090682983398,0.0682257950305939,-0.8956451612524688,-0.9,-0.8941935484763235,-0.9,-0.3760900676250458,0.1396153092384339,0.2996439456939698,-0.1274416744709015,0.027233004570007324,0.27210892438888556,-0.29019103646278377,-0.019838690757751465,-0.08410661816596987,0.35369743108749396,-0.2795813977718353,-0.19831169843673702,-0.057535690069198564,-0.18413826227188113,-0.09537318348884583,-0.22366034388542178,0.3357895016670228,-0.13824491500854497,0.3115579962730407,-0.14065756201744084
0.1775249737934329,0.7405169333382967,-0.1442337357616541,-0.03226030024706927,0.38388518362353896,-0.3359068035035041,0.0678278431951056,0.3848999159676688,0.4378090918064118,-0.21348001420497897,-0.32341199755668637,0.0027150000259280604,-0.23850000321865084,0.05890500035136936,-0.888387096952647,-0.876774193905294,-0.8840322579955683,-0.9,-0.9,-0.8883870968478732,-0.9,-0.9,-0.3280645251274109,0.15096775889396674,0.03048384189605713,0.2569354802370071,-0.5617742026224732,-0.6517741955816746,-0.730161293875426,-0.8317741928156466,-0.33005252480506897,0.15191173553466808,0.3067800164222717,-0.13489226102828977,0.08352420330047605,0.28129162788391116,-0.2578033626079559,-0.08011817336082461,-0.17233380675315857,0.20903270244598382,-0.2933081924915314,-0.07912806272506712,-0.13239791393280032,-0.2541141986846924,-0.11922789216041563,-0.13508538007736204,0.2984830856323243,-0.1821831464767456,0.2986008882522583,-0.1821480095386505
0.18184328950099637,0.7487084204580613,-0.14424600606831717,-0.06320661113510528,0.38388518362353896,-0.30983845308097213,0.08043764383241492,0.3456856523241315,0.43573500102216534,-0.23562000811100015,-0.2794079961776734,-0.00543000005185601,-0.22275000214576723,0.0981750015914441,-0.888387096952647,-0.876774193905294,-0.8825806450098753,-0.9,-0.9,-0.8941935484763235,-0.9,-0.9,-0.4064516007900238,0.11032258272171014,0.06387090682983398,0.39338704347610476,-0.20903227329254148,-0.35419353246688845,-0.5632258191704751,-0.7519354842603206,-0.25238159894943235,0.13547698259353635,0.28864463567733767,-0.1355222046375275,0.16505112648010256,0.29373203516006463,-0.19585930109024052,-0.10808739066123962,-0.24644259810447688,0.0643784880638123,-0.3207532525062561,-0.007470917701721147,-0.1838932693004608,-0.2894307911396027,-0.09762822389602666,-0.06367644667625427,0.24917217493057253,-0.23186913728713987,0.2560701727867126,-0.23151079416275022
0.18631979281612143,0.7606651750884891,-0.1442555533967954,-0.09006425461531276,0.3838810952551467,-0.28903327312892946,0.10235251225842712,0.42411422048296255,0.417387273203243,-0.21159000635147096,-0.16905600035190582,-0.00543000005185601,-0.15525000482797624,0.14305500090122225,-0.888387096952647,-0.876774193905294,-0.8825806450098753,-0.9,-0.9,-0.8941935484763235,-0.9,-0.9,-0.4093548372387886,0.1001613020896911,0.046451568603515625,0.38177415132522585,-0.24532261490821838,-0.38322581648826604,-0.5806451708078384,-0.7635483864694834,-0.21115888953208928,0.13221895694732677,0.2872999906539918,-0.13678289651870723,0.15445500612258922,0.2778714895248414,-0.1905361354351044,-0.10422275662422176,-0.22646099925041197,-0.022728770971298218,-0.30440282821655273,0.03642944097518919,-0.1948627531528473,-0.27179038524627686,-0.1135861873626709,-0.007809627056121871,0.2643736481666564,-0.28228989243507385,0.2529346704483032,-0.23314581513404842
0.19055221117555676,0.7742637427982607,-0.14426237254560237,-0.11333936359469943,0.3838715349229521,-0.2813565175351298,0.10648872646986207,0.4253999437604631,0.4055809089270507,-0.20619001150131233,-0.14329200223088268,-0.00543000005185601,-0.11025000214576719,0.16269001007080097,-0.888387096952647,-0.8738709683530033,-0.8825806450098753,-0.9,-0.9,-0.8941935484763235,-0.9,-0.9,-0.4224193811416626,0.08709679841995244,0.011612892150878906,0.34258064031600954,-0.3208064407110214,-0.4470967836678028,-0.6183870904147626,-0.7809677414596081,-0.15257547497749324,0.14282881021499627,0.3092689990997314,-0.11749438047409055,0.09589283466339116,0.24181122779846198,-0.23173196911811833,-0.07727621197700496,-0.14382069110870366,-0.12410275340080257,-0.25731584429740906,0.07829346656799319,-0.1899877846240997,-0.222415155172348,-0.17577749490737915,0.06142945289611812,0.30685318708419806,-0.34858406782150264,0.2441566586494447,-0.2129114985466003
0.19368698064398615,0.7871486321440658,-0.14427736843119354,-0.13319225336257,0.3838606118012936,-0.28050135380737395,0.1063774905589906,0.4370999540601458,0.3424009069529447,-0.15462001562118532,-0.11182799935340881,-0.00543000005185601,-0.09900000214576721,0.21598500430583967,-0.8912903227144853,-0.876774193905294,-0.8825806450098753,-0.9,-0.9,-0.8941935484763235,-0.9,-0.9,-0.4267742156982422,0.07548385262489321,-0.01596774011850355,0.3077419638633728,-0.3687096744775772,-0.4877419263124466,-0.6416129015386105,-0.7896774172782898,-0.12721379399299626,0.17952690124511717,0.3228889346122742,-0.10870896577835087,0.044518554210662864,0.23465917110443113,-0.32453709840774536,-0.02514249086380005,-0.026061040163040117,-0.23057910203933718,-0.16093463301658628,0.045631134510040305,-0.1005324125289917,-0.15817646384239192,-0.22813952565193174,0.12284828424453742,0.3429431676864624,-0.3873446702957153,0.23390268087387078,-0.1622015476226807
0.19542550468715747,0.7952170689415136,-0.14427736583045025,-0.14871463509381555,0.38382517927522775,-0.28042258929196806,0.11054544316780623,0.44211426462445946,0.36314181735569784,-0.17703001141548158,-0.10430400609970092,-0.00814500007778407,-0.11250000268220905,0.2244000113010406,-0.888387096952647,-0.876774193905294,-0.8840322579955683,-0.9,-0.9,-0.8985483871190809,-0.9,-0.9,-0.4354838848114014,0.07258060276508327,-0.024677436053752944,0.29032262563705447,-0.3643548399209976,-0.4761290274560452,-0.6387096717953682,-0.785322579368949,-0.12349705696105961,0.20206078290939333,0.35525965690612804,-0.09104120135307314,0.04805746078491213,0.22289221286773675,-0.36409238576889036,0.020361828804016158,0.06649196147918701,-0.3021044969558716,-0.07807433009147646,-0.0459072947502136,0.0011799573898315652,-0.10354008078575139,-0.17118694782257082,0.12275558710098278,0.3468235731124879,-0.3858217656612396,0.1948255777359008,-0.11457286477088924
0.19579911705977115,0.7999526613844415,-0.1442828247905361,-0.16027766362349294,0.3837992550664916,-0.2802706832320109,0.13396440050852465,0.45934281349182127,0.3304349970817567,-0.13815001308918007,-0.09883200252056124,0.0027150000259280604,-0.1372500059008599,0.23842500329017635,-0.888387096952647,-0.876774193905294,-0.8825806450098753,-0.9,-0.9,-0.8970967742381618,-0.9,-0.9,-0.4354838848114014,0.06967737972736354,-0.011612892150878906,0.3135484099388123,-0.30048386603593824,-0.40645162761211395,-0.6125806376338006,-0.7664516128599643,-0.1405071973800659,0.17132695913314822,0.3700390577316285,-0.11802347302436833,0.07818102836608887,0.21895086765289318,-0.3686649620532989,0.06416916847229004,0.08985207080841062,-0.3375410377979279,-0.045844799280166604,-0.1121092557907104,0.02206352949142454,-0.08590831160545354,-0.10260361433029175,0.10334261655807497,0.33675606250762946,-0.3740748703479767,0.1739217281341553,-0.08390518426895144
0.19580047984923532,0.8017491627142576,-0.1442923669175279,-0.16790106593835552,0.3837706260847734,-0.280009075586087,0.161318302942978,0.4550999573298865,0.30155726779590963,-0.10953002214431762,-0.12208799922466274,-0.0027150000259280604,-0.1935000032186508,0.28330500125885016,-0.8898387098335662,-0.8753225811291486,-0.8825806450098753,-0.9,-0.9,-0.8970967742381618,-0.9,-0.9,-0.4267742156982422,0.08129032552242277,-0.0014516115188598633,0.31500002145767214,-0.3062903121113777,-0.4122580736875534,-0.6198387019336224,-0.7693548392504453,-0.15236926674842832,0.13601299524307253,0.3714091300964356,-0.14411643147468567,0.12398586273193357,0.22990125417709362,-0.36333632469177246,0.10476601123809826,0.09294841289520261,-0.3408574283123016,-0.0444657683372498,-0.1657390594482422,-0.008187764883041404,-0.05917119383811953,-0.03276339769363401,0.09428973197937007,0.30888211727142345,-0.3615024447441101,0.1789855241775512,-0.0566399931907654
0.19580456821762737,0.8018933051720337,-0.14429372970699195,-0.173052684321924,0.3837229076475851,-0.2797868394670058,0.16936293614008846,0.45021420887538366,0.3053863640265032,-0.11655001223087302,-0.1371360012888908,0.0027150000259280604,-0.22275000214576723,0.25806000709533683,-0.8912903227144853,-0.876774193905294,-0.8825806450098753,-0.9,-0.9,-0.9,-0.9,-0.9,-0.4122580736875534,0.10161291360855096,0.018870949745178223,0.31790324449539187,-0.34693547487258913,-0.45870968252420424,-0.6474193543195725,-0.7896774172782898,-0.16755797266960148,0.1289525628089906,0.3672735929489136,-0.15143634080886836,0.14927051067352293,0.2374877214431762,-0.3611084818840027,0.11206001043319713,0.07654498815536503,-0.33256108760833736,-0.05260820388793941,-0.1747048795223236,-0.03852016925811763,-0.04228218197822575,0.014850425720214888,0.10429136753082269,0.30077347755432127,-0.3567202806472778,0.1874909162521362,-0.05415401458740232
0.19580865658601987,0.801914398852921,-0.1442896413385999,-0.1767701861676776,0.38370108221021415,-0.2796940121590332,0.16989253907970647,0.3911999293736049,0.29437772382389416,-0.12870001137256626,-0.18433200037479391,-0.00814500007778407,-0.24975000321865082,0.2356200027465819,-0.888387096952647,-0.876774193905294,-0.8840322579955683,-0.9,-0.9,-0.9,-0.9,-0.9,-0.4064516007900238,0.11032258272171014,0.03048384189605713,0.316451632976532,-0.3788709685206413,-0.48193548023700716,-0.6648387126624584,-0.7983870914205909,-0.16837862133979797,0.118806517124176,0.34793647527694704,-0.1658172726631164,0.1712857604026795,0.243517541885376,-0.361854350566864,0.11960602998733527,0.04342228174209595,-0.30690178871154783,-0.03702558875083928,-0.16248548626899717,-0.04055451750755312,-0.02701740860939028,0.060516536235809326,0.11167677640914919,0.29384082555770885,-0.3349582314491272,0.17924741506576536,-0.052497321367263816
0.1953150563227305,0.801896820156866,-0.14428827854913573,-0.1821270875014912,0.38368881710503777,-0.279508357543088,0.1701732249002098,0.32537138802664634,0.30187636093659853,-0.15624001622200012,-0.22195199775695795,0.01086000010371202,-0.2857500171661377,0.1823250031471252,-0.8898387098335662,-0.876774193905294,-0.8825806450098753,-0.9,-0.9,-0.9,-0.9,-0.9,-0.3933870971202851,0.11467741727828973,0.03919351100921631,0.316451632976532,-0.40500000268220904,-0.5051612913608552,-0.6764516115188599,-0.8012903161346913,-0.1897269129753113,0.1188801169395447,0.3413226842880249,-0.17212647199630737,0.19185433387756345,0.24726920127868646,-0.352647989988327,0.129767632484436,0.0412392854690552,-0.2955508410930634,-0.038377743959426835,-0.16503283381462097,-0.04452606439590456,-0.024001425504684426,0.10667456388473517,0.10404610633850109,0.28479427099227916,-0.3301905512809753,0.1875416636466981,-0.055596935749054
0.1940333268243456,0.8018827577029409,-0.14428555297020762,-0.18760209330738498,0.3836833659471811,-0.2789654350260984,0.1706445734357237,0.2642999717167446,0.29852590539238666,-0.17757000982761384,-0.26162399876117703,0.01357500012964008,-0.3195000118017197,0.1458600041270256,-0.8898387098335662,-0.876774193905294,-0.8840322579955683,-0.9,-0.9,-0.9,-0.9,-0.9,-0.38612903952598576,0.12193547487258904,0.05225801467895508,0.31935485601425173,-0.4267742156982422,-0.5283871024847031,-0.6851612873375416,-0.8143548399209977,-0.17542596459388737,0.11802567243576056,0.27952673435211184,-0.1907459378242493,0.23617236614227288,0.2515517234802246,-0.3471961855888367,0.15844184160232555,0.030451762676239058,-0.21425190567970276,0.03747357130050655,-0.12643670439720156,-0.01870524287223818,0.03379669189453127,0.1840615510940552,0.08800070285797124,0.2609742164611816,-0.26443560719490056,0.17770889997482298,-0.06686891913414006
0.19245026480980754,0.801872211072047,-0.14428282218979294,-0.19197199095540662,0.3836683752630766,-0.27347440546567303,0.17731754623170592,0.350442818232945,0.30203590848229156,-0.15732001304626464,-0.20371200053393845,0.005430000051856121,-0.29700001180171964,0.16549500524997718,-0.8927419355954044,-0.876774193905294,-0.8840322579955683,-0.9,-0.9,-0.9,-0.9,-0.9,-0.3774193704128266,0.1277419209480285,0.05661284923553467,0.3120967984199524,-0.46161290556192397,-0.5574193529784679,-0.702580638974905,-0.8187096811830997,-0.1877475500106811,0.11494671106338494,0.24336175918579095,-0.19812748432159422,0.28038021326065066,0.2606296062469483,-0.3043732702732086,0.1937349915504455,0.053665101528167725,-0.1866353452205658,0.052751004695892334,-0.09817598462104793,-0.02837288975715635,0.042385661602020286,0.24228930473327648,0.05443189144134519,0.2531026840209961,-0.24826987981796267,0.1862639665603637,-0.09689775109291077
0.19101308368576275,0.8017737726372748,-0.14428691575967167,-0.19363951668559165,0.38361927323047806,-0.2621350784437778,0.19651028645816881,0.30917137690952845,0.29437772382389416,-0.16677000939846043,-0.21830399984121318,0.01086000010371202,-0.25425000429153444,0.18793499886989606,-0.8912903227144853,-0.876774193905294,-0.8840322579955683,-0.9,-0.9,-0.9,-0.9,-0.9,-0.3716128975152969,0.1277419209480285,0.0435483455657959,0.28306456804275515,-0.506612902879715,-0.5864516168832778,-0.7170967776328325,-0.8303225800395012,-0.1480494618415833,0.10940655469894411,0.16423230171203607,-0.18709732890129094,0.29294743537902834,0.25301588773727424,-0.28785719275474553,0.2178755164146423,0.07170220613479616,-0.13823354244232178,0.10893716812133791,-0.02503037452697754,0.022635698318481445,0.07022838592529301,0.2624801158905029,0.012389552593231157,0.25663279294967645,-0.17627761960029598,0.1635150790214538,-0.11438505649566655
0.1891927610658285,0.8012534549269158,-0.1442828247905361,-0.19517487482263385,0.3836097337042298,-0.2576145371679295,0.20422126242934435,0.25594280106680733,0.2895913637768138,-0.18837001025676725,-0.274847998380661,0.01357500012964008,-0.29700001180171964,0.14025000303983692,-0.8912903227144853,-0.876774193905294,-0.888387096952647,-0.9,-0.9,-0.9,-0.9,-0.9,-0.3599999785423279,0.13354836702346795,0.0435483455657959,0.26709684133529665,-0.5283871024847031,-0.6212903134524823,-0.7345161359757185,-0.8303225800395012,-0.1574524283409119,0.11151766777038585,0.13545402288436892,-0.18111611008644102,0.29935051202774055,0.2609004020690918,-0.2633416414260864,0.2364663362503051,0.09988589286804195,-0.14674134850502019,0.10812392234802248,-0.0046312630176543745,0.03137154579162593,0.05043250322341919,0.2706279158592225,-0.015747892856597945,0.24426212310791018,-0.16060638427734375,0.16583787202835076,-0.14798133373260502
0.18695519600448451,0.8009475925726061,-0.1442869131589285,-0.1991735747275254,0.38360155696744525,-0.25712225894664253,0.2046502358607808,0.29875711032322483,0.25752272259105335,-0.150030010342598,-0.26413199776411056,0.0190050001814962,-0.36900001287460327,0.1374450051784516,-0.8941935484763235,-0.876774193905294,-0.8840322579955683,-0.9,-0.9,-0.9,-0.9,-0.9,-0.3512903094291687,0.1393548130989074,0.055161237716674805,0.2801613450050354,-0.5196774333715439,-0.5980645090341568,-0.7229032304137946,-0.8303225800395012,-0.11306433677673344,0.08616693019866939,0.02541296482086186,-0.19481597542762752,0.2942138671875,0.24830549955368053,-0.2441158354282379,0.2508527398109436,0.07543948888778684,-0.12917765378952029,0.15175187587738048,0.09789719581604006,0.08561246395111088,0.030708611011505127,0.24752959012985232,-0.056527447700500444,0.213288938999176,-0.09747957587242129,0.11241073608398444,-0.1985468745231629
0.18550438698579874,0.8009511081860875,-0.14429100412806384,-0.20171844183486687,0.383596105809589,-0.25701254662981554,0.20467141836215152,0.2921999522617885,0.23949408986351706,-0.13842000961303713,-0.2978759965896606,0.02986499994993208,-0.39600000858306883,0.1458600014448167,-0.8941935484763235,-0.876774193905294,-0.8854838709812611,-0.9,-0.9,-0.9,-0.9,-0.9,-0.3570967555046082,0.1393548130989074,0.05806446075439453,0.284516179561615,-0.4979032203555107,-0.5806451708078384,-0.7141935512423515,-0.8274193553254009,-0.09591155648231509,0.07437937259674077,-0.030391359329223655,-0.22587702870368953,0.3084066152572632,0.23000328540801995,-0.2053457379341126,0.25521347522735593,0.07152614593505857,-0.1713638663291931,0.10544568300247203,0.16256632804870608,0.07806279659271242,-0.045364898443222,0.2239071607589721,-0.09496221542358396,0.17282127141952508,-0.09835665822029116,0.057589173316955566,-0.24144966602325435
0.18499715882786882,0.8009300145052,-0.1442923669175279,-0.20221336500769482,0.3835933802306609,-0.25699567235182164,0.20466083216213382,0.2606999465397427,0.23103817723014142,-0.13464000999927517,-0.2960519936084748,0.02714999958872799,-0.40500001072883607,0.15708000361919405,-0.8912903227144853,-0.876774193905294,-0.8840322579955683,-0.9,-0.9,-0.9,-0.9,-0.9,-0.3599999785423279,0.1393548130989074,0.05806446075439453,0.284516179561615,-0.49354837238788607,-0.5806451708078384,-0.7141935512423515,-0.8187096811830997,-0.08952698707580564,0.07951977252960207,-0.04085175991058354,-0.22941775918006901,0.3121553778648377,0.22524354457855222,-0.1703818559646606,0.2556273937225343,0.08158754110336308,-0.1944456696510315,0.0756082534790039,0.18433717489242551,0.06999031305313108,-0.07990676164627075,0.21944450139999383,-0.10757213830947876,0.16710376739501964,-0.10651491880416875,0.04501154422760012,-0.25819893479347233
0.1839186097953055,0.8009511086051867,-0.14428827854913573,-0.20223868077101081,0.3835906546517328,-0.2569984838372489,0.20469261096485847,0.2824285166604178,0.26549999843944205,-0.15273001313209533,-0.2746199998855591,0.02714999958872799,-0.39150001287460323,0.14866500198841093,-0.8941935484763235,-0.876774193905294,-0.8854838709812611,-0.9,-0.9,-0.9,-0.9,-0.9,-0.3599999785423279,0.1393548130989074,0.05806446075439453,0.284516179561615,-0.49354837238788607,-0.5719354882836343,-0.7141935512423515,-0.8187096811830997,-0.08818019628524776,0.07987039089202885,-0.04736287593841548,-0.23539221882820127,0.3096202611923219,0.2240865468978882,-0.1637695670127869,0.2588548421859741,0.08449097871780398,-0.20247234106063838,0.0724677085876465,0.20188643932342532,0.06778736114501949,-0.0972220838069916,0.21629644632339484,-0.12167653441429138,0.16449097394943235,-0.10233217477798462,0.040553605556488015,-0.25948242545127864
0.1825741399667088,0.8031870668588966,-0.14428827854913573,-0.20229210132241493,0.38358656628334076,-0.25696753603582767,0.20466612526214278,0.30878567014421743,0.28241181590340336,-0.1592100048065186,-0.22742399892210963,0.02714999958872799,-0.3262500107288361,0.1458600041270256,-0.8927419355954044,-0.876774193905294,-0.8840322579955683,-0.9,-0.9,-0.9,-0.9,-0.9,-0.3599999785423279,0.1393548130989074,0.055161237716674805,0.2816129565238953,-0.49354837238788607,-0.5719354882836343,-0.7112903214991093,-0.8187096811830997,-0.07396153807640071,0.09558620452880862,-0.046057230234146096,-0.24397394657135008,0.29522130489349363,0.22282333374023444,-0.1379277169704437,0.25230435132980344,0.0870636463165283,-0.22107592821121214,0.05172994136810305,0.23890221118927013,0.07323771715164185,-0.1410958349704743,0.20380765199661266,-0.14316376447677615,0.1513955712318421,-0.08123638629913332,0.029317188262939498,-0.26358518600463865
0.18129924522159058,0.8054406046468597,-0.14429100412806384,-0.20238490612170668,0.38358656628334076,-0.2567424937967494,0.2046184772607279,0.39029995373317183,0.2729986316507512,-0.13815000772476205,-0.1774920012652874,0.03258000031113628,-0.2767500096559524,0.17952000796794898,-0.8927419355954044,-0.876774193905294,-0.8869354839669541,-0.9,-0.9,-0.9,-0.9,-0.9,-0.3599999785423279,0.1393548130989074,0.046451568603515625,0.26709684133529665,-0.5109677642583847,-0.5806451708078384,-0.7170967776328325,-0.8245161306113005,-0.05822367668151851,0.10807939767837527,-0.02656636834144588,-0.2592311561107635,0.2711974024772644,0.23169393539428718,-0.12441598176956181,0.23916560411453258,0.09386100769042971,-0.23204154968261714,0.03225721120834346,0.2790590643882752,0.08200639486312866,-0.21216557621955867,0.17419145107269285,-0.1573058724403381,0.12620640993118293,-0.05434691905975342,0.04577822685241695,-0.27136911749839787
0.17977889232834554,0.8056480285663975,-0.14428691575967167,-0.2025142578725313,0.3835824779149485,-0.25671717969704344,0.20460789106071042,0.3058285168239049,0.2729986316507512,-0.16164001643657688,-0.21693599921464923,0.0298649992793798,-0.27675001502037044,0.17671500742435453,-0.8927419355954044,-0.876774193905294,-0.8854838709812611,-0.9,-0.9,-0.9,-0.9,-0.9,-0.3599999785423279,0.13645159006118768,0.046451568603515625,0.2641936182975769,-0.5109677642583847,-0.5806451708078384,-0.7170967776328325,-0.8245161306113005,-0.06425392627716064,0.1369012355804443,-0.008706772327423118,-0.26190204620361324,0.24936615228652947,0.24148743152618402,-0.1037309467792511,0.22023693323135374,0.07976149320602421,-0.2419975876808167,0.016402244567871094,0.3072439312934875,0.09292609691619869,-0.24598549604415898,0.16483536958694456,-0.16025421023368835,0.11932632923126218,-0.025949352979660056,0.060502481460571245,-0.2651824951171875
0.17686092081740556,0.8056585756163906,-0.1442896413385999,-0.20287700808870734,0.3835824779149485,-0.2567565619547464,0.204576112257986,0.374614211491176,0.26135181296955456,-0.13194000720977783,-0.17338799925148485,0.0298649992793798,-0.2655000042915344,0.2047650021314621,-0.8941935484763235,-0.876774193905294,-0.8840322579955683,-0.9,-0.9,-0.9,-0.9,-0.9,-0.36145159006118777,0.12483869791030877,0.03629028797149658,0.25838711857795726,-0.5109677642583847,-0.5806451708078384,-0.7141935512423515,-0.8245161306113005,-0.07713351845741268,0.1663737773895263,0.02911784648895266,-0.26993354558944704,0.21536185741424563,0.25280528068542474,-0.07817909717559812,0.18954999446868903,0.05844469070434566,-0.2493590176105499,-0.007071805000305131,0.34204097986221316,0.10816555023193353,-0.27904962301254277,0.1548867344856263,-0.14615469574928286,0.11332569122314451,0.006550276279449485,0.07383402585983279,-0.23996822834014897
0.17238306511578927,0.8053562286660126,-0.14429918866707803,-0.20447423430410783,0.3835715651962629,-0.25803930218094984,0.20447547264846822,0.5250428131648474,0.2476309113069014,-0.09279002308845519,-0.06919200074672704,0.02714999958872799,-0.21375,0.25806000709533683,-0.8941935484763235,-0.876774193905294,-0.8869354839669541,-0.9,-0.9,-0.9,-0.9,-0.9,-0.3716128975152969,0.10887097120285028,0.014516115188598633,0.2395161151885986,-0.50661291629076,-0.5806451708078384,-0.7170967776328325,-0.8187096811830997,-0.1151791512966156,0.20928343534469607,0.12020899057388312,-0.3003483474254608,0.1663524270057678,0.25445258617401134,-0.0083371102809906,0.124308693408966,-0.01147459745407109,-0.25482852458953853,-0.056407660245895386,0.3422426819801331,0.13718565702438357,-0.2860047519207001,0.19597173929214484,-0.08232160806655886,0.09781147241592403,0.04622937440872188,0.09046372175216677,-0.17230585813522337
0.16822427899930548,0.8035351169940804,-0.1442978232768708,-0.2071737796526082,0.3828488810643619,-0.25865536087706065,0.2050580368921816,0.6705856459481377,0.3018763648379933,-0.08010001480579376,0.07216798782348632,0.0298649992793798,-0.1417500042915344,0.31416001260280624,-0.8927419355954044,-0.876774193905294,-0.8854838709812611,-0.9,-0.9,-0.9,-0.9,-0.9,-0.3803225934505463,0.09580646753311162,-0.00435483455657959,0.22209677696228025,-0.5196774333715439,-0.5864516168832778,-0.7229032304137946,-0.8216129058972002,-0.15180680751800535,0.20665819644927985,0.20375036001205438,-0.3313482999801636,0.13436912298202508,0.21557664871215831,0.06605186462402346,0.09967153072357182,-0.11914120316505428,-0.24067144989967348,-0.11378740668296816,0.28404185771942136,0.17516380548477184,-0.23165681362152102,0.2910507917404176,-0.023095589876174882,0.08104916810989382,0.013838481903076127,0.08193869590759273,-0.08692224025726314
0.1658271739439091,0.8026597189693229,-0.1443060052151416,-0.2079020959272786,0.3799990906385168,-0.2587284970561817,0.22375824608175943,0.715714236668178,0.2769872695749457,-0.046350009441375795,0.11275199460983265,0.01085999976843599,-0.10350000321865083,0.4011150133609772,-0.8927419355954044,-0.876774193905294,-0.8840322579955683,-0.9,-0.9,-0.9,-0.9,-0.9,-0.3977419450879097,0.062419322133064226,-0.046451622247695945,0.17854840457439425,-0.5574193730950356,-0.6212903134524823,-0.7374193623661995,-0.8303225800395012,-0.12320592999458313,0.16978501081466668,0.24118112325668328,-0.3160000562667846,0.10159338712692267,0.16086301803588865,0.08687202930450444,0.10386028289794924,-0.21403700709342954,-0.24887348413467403,-0.19544232487678526,0.2186210632324218,0.20543360710144054,-0.15452764034271238,0.3338779449462891,0.008800220489501909,0.02952532768249516,-0.07319437265396123,0.05461106300354002,-0.005423694849014282
0.16487814192529704,0.8019460397933514,-0.14431827552180454,-0.2079527059998738,0.3791059850027966,-0.2587369422433241,0.2588866719915014,0.6934713772365025,0.2134881773861973,0.011429986953735316,0.092915994644165,0.01629000015556814,-0.12375000268220904,0.4572150135040284,-0.888387096952647,-0.876774193905294,-0.8854838709812611,-0.9,-0.9,-0.9,-0.9,-0.9,-0.47903226390480996,-0.07838708907365799,-0.18000000268220906,0.04209674745798109,-0.5516129203140736,-0.5879032216966152,-0.7316129095852375,-0.8099999986588955,-0.058641672134399414,0.1539013981819154,0.2190479636192323,-0.30620859861373906,0.08066496849060056,0.13291343450546267,0.0776708722114563,0.10266519784927375,-0.24284377098083498,-0.2281108260154724,-0.18578417301177974,0.2258192539215088,0.2517459154129028,-0.11970902681350704,0.3276036143302917,0.04188591241836548,0.017344021797180198,-0.07207208275794985,0.053285622596740745,0.013498914241790727
0.1638323102428444,0.7967041926178632,-0.1443223664909401,-0.2079302114423851,0.37910052344196743,-0.25870317759104544,0.268890843136134,0.6398571150643485,0.18827999678525054,0.02060998678207393,0.030899991989135844,0.03800999969244001,-0.19125000268220893,0.45721503496170046,-0.8840322579955683,-0.876774193905294,-0.8825806450098753,-0.9,-0.9,-0.9,-0.9,-0.9,-0.574838711321354,-0.2583871051669121,-0.3338709577918053,-0.12193547487258916,-0.5196774266660213,-0.5283870957791805,-0.6996774159371852,-0.7664516128599643,-0.012827610969543435,0.1384355664253235,0.22773531675338743,-0.31165122985839844,0.08204566240310673,0.1255146145820617,0.10535148382186887,0.09621437788009646,-0.25643618702888493,-0.23355726599693294,-0.18940933942794802,0.22037458419799816,0.2560086965560914,-0.10313994884490962,0.31122368574142467,0.0639169335365295,0.03964798450469975,-0.08236366510391235,0.020499050617218018,0.042129564285278365
0.16157020456817428,0.7873208994311104,-0.1443250946706115,-0.2079245904847673,0.37895051257119017,-0.25866661754963016,0.2695846028853751,0.6705856459481377,0.20455363186922948,0.036539969444274845,0.04252798604965213,0.0407250000536441,-0.23175000429153436,0.45441001296043415,-0.8825806450098753,-0.876774193905294,-0.8825806450098753,-0.9,-0.9,-0.9,-0.9,-0.9,-0.6314516074955463,-0.3498387113213539,-0.4108064487576485,-0.20322581380605698,-0.4717741928994656,-0.4470967836678028,-0.6677419357001781,-0.7316129028797149,0.13426591157913215,0.12062258720397956,0.20960336923599254,-0.3298788785934448,0.0506263732910156,0.1485744237899781,0.07475756406784062,0.051214420795440696,-0.2899930894374847,-0.19087795615196224,-0.12189046740531917,0.2636358261108399,0.31162054538726813,-0.049820101261138894,0.25332423448562624,0.06889951229095459,0.05366359949111943,-0.06855350732803345,-0.036173450946807906,0.06969720125198364
0.15943762631042835,0.777311818977039,-0.14433190861793177,-0.2079302114423851,0.3739858809565778,-0.2583965593511339,0.2799065317532444,0.7037571225847518,0.2096590870076961,0.06353999733924853,0.06692399024963391,0.02986499994993208,-0.24975000321865082,0.5273400163650511,-0.8796774194575846,-0.876774193905294,-0.8825806450098753,-0.9,-0.9,-0.9,-0.9,-0.9,-0.6677419357001781,-0.4122580736875534,-0.4717741928994656,-0.27000001072883606,-0.4354838848114014,-0.3890322625637055,-0.6372580602765083,-0.6967741895467043,0.2050203323364258,0.02511717081069942,0.16697448492050182,-0.33272357583045964,0.045179986953735374,0.17338196039199827,0.030496501922607444,0.06318157911300659,-0.2862891733646393,-0.18008748292922971,-0.08432511091232298,0.28881436586380016,0.3359076261520385,-0.06787737607955935,0.15787010192871087,-0.007969218492507979,0.038522529602050826,-0.12451956868171687,-0.07446697354316711,0.12446018457412722
0.15785728987481862,0.7696969020027026,-0.14434009315694596,-0.20693476022963908,0.36347845169648163,-0.25727134815574226,0.2946188547476639,0.7277999332972936,0.1681772713227706,0.08729998111724857,0.08493598508834832,0.05701499819755562,-0.24975000321865082,0.5161200141906738,-0.876774193905294,-0.876774193905294,-0.8825806450098753,-0.9,-0.9,-0.9,-0.9,-0.9,-0.6982258044183254,-0.4790322504937649,-0.5327419437468053,-0.34258064031600954,-0.3890322625637055,-0.3367741942405701,-0.6096774145960808,-0.6532258138060569,0.16102083921432497,-0.04948428869247434,0.08606919050216677,-0.3356995940208435,0.05254189968109135,0.17804664373397838,-0.02439431548118587,0.09423866271972658,-0.24621133804321294,-0.1745263516902924,-0.023991984128951982,0.31905262470245355,0.31401833295822146,-0.10731555819511418,0.08922067880630491,-0.14512719511985783,-0.01839094161987309,-0.13334591388702388,-0.06911612749099727,0.11742185354232781
0.15484387108652864,0.7602397801994208,-0.1443414585471532,-0.2011672929953353,0.35561084965800693,-0.2570097297789581,0.29707620673074364,0.6764999525887626,0.15365863193165163,0.09593998789787295,0.05848798370361319,0.08416499644517894,-0.27000000536441804,0.48807000875473017,-0.8753225811291486,-0.876774193905294,-0.8825806450098753,-0.9,-0.9,-0.9,-0.9,-0.9,-0.7214516121894121,-0.5182258084416389,-0.5704838834702969,-0.3875806510448456,-0.3774193704128266,-0.3077419102191925,-0.595161285996437,-0.6358064420521259,0.12868648767471325,-0.06985679268836975,0.03331561088562007,-0.33213139772415157,0.08074575662612915,0.16780908107757575,-0.04857480525970459,0.11654005050659177,-0.21884872913360598,-0.16863209009170532,-0.00591239333152771,0.331116771697998,0.2907317161560058,-0.10629803538322447,0.046665179729461714,-0.22444826960563657,-0.07702049016952517,-0.1329793632030487,-0.0659948945045471,0.096250855922699
0.15037282933223317,0.744770882228979,-0.14433736497727467,-0.19208445301583255,0.3538955138416705,-0.25709131651065165,0.297219181038996,0.8522570882524764,0.26518090920014814,0.07811997056007391,0.23313599824905407,0.08416499644517894,-0.14850000053644186,0.5161200141906738,-0.8724193555768579,-0.876774193905294,-0.8825806450098753,-0.9,-0.9,-0.9,-0.9,-0.9,-0.740322582051158,-0.5574193596839905,-0.6053225733339787,-0.434032266587019,-0.39338711053133013,-0.313548369705677,-0.595161285996437,-0.6329032123088837,0.09940545558929448,-0.05837886929512026,0.023290801048278853,-0.3098749101161957,0.11585898399353034,0.09900966882705686,-0.04907670021057131,0.09395660161972041,-0.17270046472549438,-0.1635742485523224,-0.022161215543746948,0.3229055643081665,0.2760553121566772,-0.048663908243179343,0.03706126213073735,-0.2890420317649841,-0.1370082020759582,-0.13000506162643433,-0.07984405159950259,0.07904362678527832
0.14673898763671211,0.7276320458522444,-0.14431691013159742,-0.17868516275725788,0.35389823942059884,-0.257215080889185,0.2976852364745012,0.9173142160688127,0.3610677264495329,-0.002340034246444689,0.32912398052215586,0.04615499943494805,0.013500000871717988,0.4852650082111357,-0.8709677428007127,-0.876774193905294,-0.8825806450098753,-0.9,-0.9,-0.9,-0.9,-0.9,-0.8288709660060704,-0.7417741927318275,-0.7591935493983328,-0.6720967786386609,-0.5443548560142517,-0.45290322303771974,-0.6822580609470605,-0.6750000033527612,0.020435750484466553,-0.03384143114089966,-0.0037437200546264204,-0.27066316008567814,0.1708454489707948,-0.05875813364982607,-0.06062028408050535,0.04698929786682127,-0.0849613308906555,-0.19271945357322695,-0.07684721946716311,0.3085159420967102,0.26675577163696296,0.08588948249816897,0.026231467723846436,-0.3154647409915924,-0.16140321493148801,-0.057535314559936546,-0.13709397912025456,0.014729833602905251
0.1440814545550303,0.7118608005123258,-0.1443196383112687,-0.15838518159140114,0.3539023277889911,-0.25722915441261196,0.2977646733799765,0.8795141765049524,0.35388818052682025,0.014399986267089826,0.29971199226379397,0.04344000041484841,0.018000001609325467,0.502095011472702,-0.7780645150691271,-0.796935484930873,-0.8056451628450304,-0.8506451605819166,-0.9,-0.9,-0.9,-0.9,-0.9,-0.9,-0.8985483871190809,-0.8985483871190809,-0.5733871132135391,-0.4645161353051663,-0.705483865365386,-0.6575806550681591,-0.09163010716438291,-0.027283644676208474,-0.047350805997848466,-0.22854212522506712,0.21923099756240838,-0.16184363365173338,-0.0864088654518127,0.01507755517959597,-0.08148234486579897,-0.22815604805946355,-0.09008467197418213,0.3082050204277039,0.23663327693939207,0.17967592477798455,0.009326577186584473,-0.2329612791538238,-0.11813279986381531,0.041803729534149126,-0.19160499572753908,-0.05467795729637148
0.1412371048840687,0.695027826070801,-0.14434009055620267,-0.13757338219880855,0.3536623416046668,-0.257251662392321,0.29713974413352096,0.9448284694126675,0.29118681777607314,0.11726997613906864,0.31612797832489015,0.02986499994993208,0.009000000804662789,0.5890500283241272,-0.6416129015386105,-0.6706451620906592,-0.6837096758186817,-0.7562903154641389,-0.9,-0.9,-0.9,-0.9,-0.9,-0.9,-0.9,-0.9,-0.6038709551095962,-0.47032258808612826,-0.7258064568042755,-0.6735483884811402,-0.14507939815521242,-0.07333390116691585,-0.10967091321945188,-0.16458710432052615,0.23608621358871462,-0.1878947496414185,-0.14256724119186404,0.029151427745819136,-0.13342959880828853,-0.2719533026218415,-0.035775572061538696,0.25994167327880857,0.19538186788558953,0.23838325738906863,0.012735128402709961,-0.14716379642486577,-0.024164932966232344,0.06840523481369021,-0.2247181534767151,-0.10376517176628108
0.1373632978101692,0.6758463908104729,-0.14434009315694596,-0.11828009952444207,0.35002305395277566,-0.2580730614677982,0.29388800289301764,0.9007284981863842,0.36649227131496775,0.09350998163223256,0.28306799697875984,0.01357500012964008,-0.022500001005828385,0.580634994506836,-0.6111290194094181,-0.6445161312818528,-0.6561290301382542,-0.7417741969227791,-0.9,-0.9,-0.9,-0.9,-0.9,-0.9,-0.9,-0.9,-0.5908064514398574,-0.45290322974324226,-0.7170967776328325,-0.664838719367981,-0.14794051051139834,-0.15251721739768986,-0.1325505316257477,-0.09151321649551392,0.21122814416885383,-0.15242623686790469,-0.20791314840316777,0.028410279750823997,-0.2111989617347717,-0.28852924704551697,0.023525333404540993,0.20671237707138068,0.17995111942291253,0.22905507087707522,0.04675433635711668,-0.09065490961074829,0.07699077129364018,0.03408722877502446,-0.22024835944175725,-0.12342892885208134
0.13275180551729082,0.6584403636181727,-0.1443387303674818,-0.10188598664663917,0.3471323538355765,-0.2611251971706374,0.29318363674108683,0.8176714079720634,0.29629227193919105,0.1024199795722961,0.20030397891998286,-0.013574999794364051,-0.06075000174343592,0.5441700088977813,-0.6096774011850357,-0.643064519762993,-0.6561290234327316,-0.743225808441639,-0.9,-0.9,-0.9,-0.9,-0.9,-0.9,-0.9,-0.9,-0.5864516168832778,-0.4470967769622803,-0.7141935512423515,-0.6619354963302613,-0.16301860213279729,-0.23503215909004216,-0.11347364187240605,-0.06130526661872859,0.16349244117736828,-0.13087366819381718,-0.23889834880828853,0.05575625896453862,-0.2470160007476807,-0.26182689070701604,0.05662690401077275,0.17825961112976085,0.16322067975997923,0.15798876285552976,0.04135376214981079,-0.09733441472053528,0.1564208507537842,0.02576369047164917,-0.1678922295570373,-0.1470349967479706
0.12766717560903007,0.6383167364010883,-0.14431009618427693,-0.08802272066318872,0.3466837464305471,-0.2733140595840037,0.2936708544752914,0.85225704738072,0.45615681986917156,-0.04068001270294197,0.27759598159790044,-0.03257999997586014,0.006750000603497064,0.39831001281738276,-0.6474193543195725,-0.672096773609519,-0.6880645170807839,-0.7606451567262411,-0.9,-0.9,-0.9,-0.9,-0.9,-0.9,-0.9,-0.9,-0.6329032257199287,-0.5051612913608552,-0.7446774199604989,-0.7011290308088064,-0.19378901124000547,-0.26434999108314516,-0.07097039222717283,-0.0769012928009033,0.10913897752761847,-0.10813567042350769,-0.2656948506832123,0.10345988273620599,-0.2611363291740417,-0.21637170910835268,0.01639645099639897,0.1320613503456115,0.17043796777725218,0.06459778547286987,0.03274912834167476,-0.08292886018753054,0.17411237955093395,0.08197935819625857,-0.06278573870658877,-0.14352897405624387
0.12385199969100424,0.6171700478492498,-0.14428827854913573,-0.07269719044576195,0.3466864720094752,-0.29247080231794664,0.2940204011025881,0.931714235033308,0.5553940929066051,-0.10413001120090482,0.35009998798370356,-0.02986499961465594,0.04950000107288355,0.3113550120592118,-0.7287096748128533,-0.731612897850573,-0.7475806446745992,-0.7954838683828712,-0.9,-0.8941935484763235,-0.9,-0.9,-0.9,-0.9,-0.9,-0.9,-0.7635483864694834,-0.6735483851283789,-0.8070967731066049,-0.7780645150691271,-0.10459483265876768,-0.19659959077835087,-0.06993366479873653,-0.12481557726860049,0.09658259153366089,-0.11174458265304565,-0.20629497170448308,0.09957915544509888,-0.24391745924949648,-0.1562045037746429,-0.04537670016288753,0.040748763084411666,0.2624815106391908,-0.034734982252121016,0.09959782361984248,-0.1035373985767365,0.16877349615097048,0.10884704589843752,0.11716661453247068,-0.09884138703346257
0.12210804529592256,0.598737452300247,-0.14428145940032888,-0.048300078254595036,0.3466878347989394,-0.30206604796291203,0.2940892417067099,0.7835999352591377,0.5435877305811102,-0.12951000630855558,0.25000798988342277,-0.04072500005364421,0.04050000261515385,0.2917200082540513,-0.7824193563312293,-0.757741935364902,-0.7780645167455077,-0.7998387079685927,-0.8985483871190809,-0.8883870968478732,-0.8970967742381618,-0.9,-0.9,-0.9,-0.9,-0.9,-0.8375806451775134,-0.7896774189546705,-0.853548387810588,-0.8433870975393802,-0.030658131837844826,-0.14043574333190922,-0.09797294139862056,-0.12825164794921873,0.08620051145553587,0.021096003055572465,-0.12425842881202698,0.022790622711181596,-0.17487171292304993,-0.07780358791351316,-0.14418665170669553,0.00836634635925293,0.37314473390579217,-0.027380686998367265,0.16457637548446657,-0.18790580034255977,0.1307790398597718,0.060433816909789995,0.20466638803482062,-0.03436730504035945
0.12143990395150295,0.5851353637382543,-0.1442869131589284,-0.019015661412108087,0.34676965938313475,-0.3044543082556558,0.29401510800257935,0.8053285462515695,0.5199750049547717,-0.08766001403331758,0.2422559938430785,-0.00814500007778407,0.06300000026822095,0.3281850099563598,-0.5356451600790024,-0.34548387005925174,-0.4761290274560452,-0.3890322357416153,-0.7954838696401566,-0.8491935473866761,-0.8172580633778125,-0.8883870972669684,-0.9,-0.9,-0.9,-0.9,-0.8956451612524688,-0.8854838714003563,-0.8796774194575846,-0.8912903227144853,-0.0006438910961150679,-0.17955849766731258,-0.06873933076858518,-0.15176598429679866,0.0752818822860718,0.08542031049728394,-0.08935870528221135,-0.06167294383049016,-0.1107939541339874,0.016715204715728738,-0.25288553237915035,0.07708153724670408,0.3973735570907594,-0.034698879718780495,0.21850551366806037,-0.19838508367538454,0.13217754364013679,0.05309851169586177,0.1917336344718933,0.012914729118347124
0.12132399402624638,0.5737200173558291,-0.14428418758000028,0.012681465671596226,0.34785502236301824,-0.3069832286666475,0.29362319637254053,0.7392427989414759,0.5356104586341165,-0.09765001416206354,0.1713479790687561,0.0352950000017882,0.06975000321865088,0.34221001803874984,-0.2932258084416389,0.11903225183486932,-0.1103225961327553,0.14225806295871746,-0.6183870971202851,-0.7475806463509798,-0.7170967742800712,-0.8390322575345636,-0.9,-0.9,-0.9,-0.9,-0.9,-0.9,-0.8825806450098753,-0.9,0.0499015331268311,-0.23657314181327815,-0.061766928434371926,-0.22198144197463987,0.0713056683540344,0.05971595048904421,-0.09747351408004756,-0.18730117678642277,-0.06506470441818235,0.0948355078697205,-0.3132843732833862,0.12423659563064582,0.34419554471969616,-0.05497595071792605,0.2086759686470031,-0.18621531128883362,0.09394576549530032,0.04393866062164309,0.10246875286102297,0.10391145944595348
0.12107447871864652,0.5656972855505521,-0.1442896413385999,0.03471086746354202,0.3524160550353207,-0.31833942996653664,0.28145296546802057,0.6867856570652552,0.504020454233343,-0.07551002025604248,0.0915479865074158,0.07601999938488002,0.06075000107288364,0.3337950164079667,-0.2758064568042755,0.1567741781473161,-0.05661290287971499,0.2482257843017578,-0.5632258124649525,-0.7011290274560451,-0.6895161252468824,-0.820161291025579,-0.9,-0.9,-0.9,-0.9,-0.9,-0.9,-0.8854838708764874,-0.9,0.06833056211471555,-0.26942548155784607,-0.08643370270729067,-0.267250907421112,0.07219862937927246,-0.0007086396217346191,-0.18742037415504453,-0.25996833443641665,-0.073791378736496,0.10751119852066038,-0.27399725317955015,0.06814602613449094,0.2561034321784973,-0.07555906176567073,0.14884092807769778,-0.14413322210311885,0.06825664043426516,0.07730941772460942,-0.001761245727539107,0.13772284984588634
0.12057406450803676,0.5608597410500921,-0.14428009401012154,0.0423145642456878,0.3548390738964805,-0.34623062628140433,0.2512922048285341,0.6906427655901229,0.543428183035417,-0.11277001261711128,0.1319039926528932,0.08959499716758734,0.02025000113993891,0.28050000607967396,-0.3817741982638836,-0.05661291629076004,-0.22354838177561764,-0.01161291897296901,-0.6953225822187961,-0.7824193546548486,-0.7809677454410121,-0.8666129036340863,-0.9,-0.9,-0.9,-0.9,-0.8912903225049377,-0.8956451612524688,-0.8912903226097114,-0.9,0.07343201637268071,-0.25246217250823977,-0.11479784846305852,-0.2715386867523193,0.0766852140426636,-0.02870897054672239,-0.21447072029113767,-0.2861908972263336,-0.08102653026580808,0.11652878522872923,-0.25153031945228577,0.04383319616317749,0.22113075256347658,-0.07119752168655391,0.12975561618804943,-0.12057757973670957,0.07694249153137211,0.0994773387908936,-0.03924747705459597,0.1449188947677612
0.12050861940484292,0.5596925431249503,-0.14428009661086483,0.044193004610753706,0.35494679668197937,-0.3663100352205093,0.2375914195092642,0.7060714040483748,0.5305050034956499,-0.10926002025604253,0.14125200176239006,0.09773999691009527,0.024750001206994,0.2552550065517426,-0.8390322583727539,-0.8056451607495546,-0.8332258064299822,-0.837580646853894,-0.9,-0.8956451613572426,-0.9,-0.9,-0.9,-0.9,-0.9,-0.9,-0.8564516125246883,-0.8811290326528252,-0.8883870967430995,-0.9,0.0715000748634338,-0.25826362967491145,-0.14516667723655696,-0.256987863779068,0.0716794610023499,0.01354515552520752,-0.18179304599761958,-0.28081623315811155,-0.0934475183486938,0.1507194399833679,-0.2694908201694488,0.0627290368080139,0.20528361797332761,-0.04722291827201841,0.15837875604629514,-0.11253738999366758,0.0709105253219604,0.0904304623603821,-0.05455173254013057,0.14598952531814569
0.12050452063347772,0.5597206663564035,-0.14428145940032888,0.049929535124124014,0.35499041634780226,-0.3687208088583922,0.23557894046031846,0.6563142095293318,0.5119977300817317,-0.1111500173807144,0.06167998838424682,0.08959499984979635,0.008999999798834368,0.24403500437736503,-0.8651612908579409,-0.8317741932347417,-0.853548387810588,-0.8608064529486,-0.9,-0.8854838712955825,-0.9,-0.9,-0.9,-0.9,-0.9,-0.9,-0.8564516125246883,-0.8825806450098753,-0.8477419358678162,-0.8941935484763235,0.022206652164459273,-0.26518029570579527,-0.14589741826057434,-0.2433910489082336,0.058398985862731956,-0.0397430956363678,-0.2336187422275543,-0.2523369669914246,-0.12366630434989934,0.1500207781791688,-0.2584342181682586,0.014884757995605513,0.17820435762405407,-0.031797319650650024,0.19695782661438,-0.07301627397537236,0.15322086811065672,0.099246883392334,-0.07098133563995357,0.12634449005126946
0.120489498740454,0.559759344181635,-0.1442869131589285,0.05445689467456749,0.3550272532752242,-0.36872363107468,0.22309624493257096,0.6539999280657088,0.5202940932187167,-0.0892800199985504,0.08060399007797248,0.08416499644517894,0.011250001005828403,0.25245000600814815,-0.8695161296054721,-0.8404838724061847,-0.8608064529486,-0.8695161296054721,-0.9,-0.8753225807100534,-0.9,-0.9,-0.9,-0.9,-0.9,-0.9,-0.8477419350296259,-0.8825806450098753,-0.8245161272585392,-0.8825806454289705,-0.033300215005874656,-0.2666417777538299,-0.11936350464820866,-0.214325076341629,0.08548200130462646,-0.12083163857460022,-0.28440486788749697,-0.2392867863178253,-0.1608761072158813,0.11892453432083128,-0.21342288851737978,0.01103675365447998,0.13183014392852777,-0.004003733396530151,0.21323550939559943,-0.07029179334640501,0.2593791604042054,0.1035993576049804,-0.0744344651699066,0.13670296669006354
0.12044179070623884,0.5614538895772515,-0.14428009921160811,0.05562387627430676,0.35506541138021797,-0.3676293515844187,0.2071711454493096,0.6671142033168248,0.5759754551540722,-0.16839000999927523,0.08744399213790899,0.10045499593019491,0.04050000160932543,0.21598499894142142,-0.8709677428007127,-0.8390322592109442,-0.8608064529486,-0.8695161296054721,-0.9,-0.8782258066814393,-0.9,-0.9,-0.9,-0.9,-0.9,-0.9,-0.8477419350296259,-0.8825806450098753,-0.8361290328204632,-0.888387096952647,-0.016024857759475708,-0.26205557584762573,-0.12549964785575862,-0.22440154552459712,0.06807693243026736,-0.1031864583492279,-0.31377065777778623,-0.2420168459415436,-0.1267932236194611,0.1172748684883117,-0.2151610136032105,0.0037636756896972656,0.13346811532974245,-0.011730265617370561,0.21519491672515867,-0.097461873292923,0.22077573537826545,0.09737255573272707,-0.06832578778266907,0.14497929811477672
0.12041586649750247,0.566484793028729,-0.1442978206761275,0.055685749716174016,0.35507222532753835,-0.35898771994603607,0.19539282617482845,0.6911570957728795,0.5282713651657104,-0.06741000652313234,0.08630399322509763,0.06787499830126764,0.03600000254809854,0.2608650076389313,-0.8709677428007127,-0.8375806460157037,-0.8637096776627005,-0.8709677428007127,-0.9,-0.876774193905294,-0.9,-0.9,-0.9,-0.9,-0.9,-0.9,-0.8477419350296259,-0.8825806450098753,-0.8332258064299822,-0.8796774196671322,0.004528534412383989,-0.28434081673622136,-0.1033700823783874,-0.22046921253204343,0.03626099824905393,-0.08345022797584534,-0.34259120821952815,-0.2358617126941681,-0.09327446222305302,0.09675146341323848,-0.21985225081443782,0.0020272135734558105,0.13169742822647101,-0.03221896290779114,0.2269112348556518,-0.16769862771034239,0.16848499774932868,0.07153719663619995,-0.04456570744514465,0.13502293825149547
0.12041722928696663,0.5704926452038325,-0.1443005488557988,0.055725107146515795,0.3550558718539695,-0.3305704861230332,0.19120897406331483,0.6777856963021415,0.5108809099414132,-0.07713001549243925,0.0705719962120056,0.07330499768257137,0.05400000080466283,0.2552550065517426,-0.8709677428007127,-0.8433870979584753,-0.8622580644674599,-0.8724193555768579,-0.9,-0.8724193547386676,-0.9,-0.9,-0.9,-0.9,-0.9,-0.9,-0.8433870962820947,-0.8825806450098753,-0.8158064480870962,-0.8854838711908087,0.026946973800659135,-0.30825313925743103,-0.08458190560340884,-0.20301527380943296,0.0067171096801758035,-0.05983836650848384,-0.35650044679641724,-0.23450649976730342,-0.05219846963882446,0.05561571121215825,-0.21811294555664062,-0.006547272205352783,0.14672530889511115,-0.056639671325683594,0.21700154542922967,-0.2291256666183472,0.0970886707305908,0.051612031459808305,-0.03182060122489927,0.09700584411621094
0.12041314091857436,0.5717828906485655,-0.14429100412806384,0.05575604386744948,0.35505450906450553,-0.29850756051535865,0.19056287241682413,0.6790713582720075,0.5410350010611794,-0.11142002463340761,0.0787799892425538,0.07058999598026272,0.047250001877546355,0.2496450054645537,-0.8753225811291486,-0.853548387810588,-0.8506451614201069,-0.8680645164102316,-0.8869354841765017,-0.8041935475543142,-0.9,-0.8854838712955825,-0.9,-0.9,-0.9,-0.9,-0.8390322575345636,-0.8912903225049377,-0.7983870947733521,-0.8825806454289705,0.027412712574005127,-0.3065309464931488,-0.056689506769180276,-0.16762604713439944,-0.008224618434905961,-0.05103632211685183,-0.3968108296394348,-0.24713718295097353,-0.04462020993232729,0.015953350067138716,-0.200391697883606,-0.00849273204803469,0.14859716892242425,-0.056140726804733254,0.18850511312484752,-0.2631844639778137,0.05604196786880489,0.07256587743759157,-0.04851027131080632,0.057763624191284224
0.12040768976071814,0.571466484177957,-0.14428827854913573,0.05575323338864058,0.35505450906450553,-0.2832299969923078,0.1904728291086598,0.6926999228341241,0.536567734154788,-0.10683001399040226,0.09519599246978772,0.06787499696016308,0.05850000455975535,0.24684000492095948,-0.8825806450098753,-0.8608064529486,-0.8579032273963094,-0.8695161296054721,-0.8129032250493765,-0.701129037514329,-0.8854838711908087,-0.8332258072681725,-0.9,-0.9,-0.9,-0.9,-0.8651612900197506,-0.9,-0.8390322575345636,-0.8970967742381618,0.03162227869033818,-0.30689433217048645,-0.043220901489257835,-0.1649983406066895,-0.011763954162597678,-0.04801186323165896,-0.43015465736389163,-0.25385584831237795,-0.049118703603744485,0.007557392120361328,-0.18819966316223147,-0.03049746751785276,0.161303436756134,-0.0633625209331512,0.17073998451232908,-0.2622967064380646,0.03190444707870488,0.09026663303375249,-0.06941020488739014,0.028439354896545366
0.1204090525501823,0.5699512361176317,-0.1442896413385999,0.055789801794210225,0.35505450906450553,-0.2803832070342651,0.19030335899635598,0.6842142105102539,0.5135931840809908,-0.09036002218723305,0.1015799975395203,0.0814499974250793,0.05175000160932541,0.2412300038337708,-0.8825806450098753,-0.8608064529486,-0.8593548405915499,-0.8709677428007127,-0.7911290338262916,-0.6793548379093408,-0.8796774196671322,-0.8245161306113005,-0.9,-0.9,-0.9,-0.9,-0.8695161287672818,-0.9,-0.8448387094773352,-0.9,0.030777812004089355,-0.30922195315361023,-0.035689258575439475,-0.16346964240074158,-0.010186922550201372,-0.0520302951335907,-0.438312703371048,-0.25989473462104795,-0.05455580949783323,0.00802645683288572,-0.18258934020996098,-0.03992612957954411,0.16563885211944573,-0.06528534293174748,0.16366378068923948,-0.25510650873184204,0.02081941366195683,0.0960991501808166,-0.08123037815093992,0.01977142095565798
0.12039133628714926,0.5659293189740079,-0.14428555297020762,0.058514636088480954,0.35505450906450553,-0.2801356568154778,0.19005974507858603,0.7403999192374094,0.5692745538191363,-0.09657001733779902,0.1658759937286377,0.0814499974250793,0.06750000134110457,0.26086500227451326,-0.8738709683530033,-0.853548387810588,-0.8579032273963094,-0.8695161296054721,-0.8346774196252227,-0.740322582051158,-0.9,-0.8608064521104097,-0.9,-0.9,-0.9,-0.9,-0.8520967737771571,-0.9,-0.8158064531162381,-0.888387096952647,0.030593276023864746,-0.2999791145324707,-0.05995396971702571,-0.1896743416786194,0.006487083435058549,-0.06164242029190059,-0.4319104313850403,-0.26800884604454045,-0.057496207952499434,0.017608165740966797,-0.18629776239395146,-0.03986851572990413,0.15420298576354974,-0.054138672351837114,0.16211721897125242,-0.21269010901451113,0.03437572717666626,0.10936063528060924,-0.09063726067543032,0.0365944504737854
0.1203899734976851,0.5623995986143356,-0.14428555297020762,0.07146681349503214,0.35505450906450553,-0.28008502861606566,0.1897843523580912,0.7397570882524763,0.5558727316422895,-0.09495002210140224,0.15105597782135016,0.09230999886989599,0.09675000160932545,0.274889994263649,-0.8709677428007127,-0.8419354856014252,-0.8462903226725758,-0.853548387810588,-0.7853225810453296,-0.6851612940430641,-0.8854838714003563,-0.8390322566963733,-0.9,-0.9,-0.9,-0.9,-0.8695161287672818,-0.9,-0.8419354839250446,-0.8941935484763235,0.025656616687774636,-0.2999673128128052,-0.09621614813804624,-0.1901121318340302,0.024216163158416792,-0.07974743843078613,-0.4308120667934418,-0.273134708404541,-0.06403554081916807,0.021609163284301736,-0.1558069467544556,-0.07853009104728703,0.14279125928878778,-0.05034860372543337,0.1518198966979981,-0.1651455938816071,0.04905663728713994,0.14561165571212775,-0.11401094198226924,0.028595566749572754
0.12034089227103284,0.5595589477171675,-0.14428418758000028,0.0915671648493167,0.35505450906450553,-0.2803607044199863,0.18940834023075037,0.7079998970031739,0.5440663634647024,-0.09738001763820647,0.14512798690795903,0.08416499912738806,0.15975000321865085,0.29733000934124,-0.8637096785008908,-0.8245161306113005,-0.8187096761539578,-0.7998387079685927,-0.5879032284021377,-0.4804838620126248,-0.7983870981261134,-0.7359677441418171,-0.9,-0.9,-0.9,-0.9,-0.8956451612524688,-0.9,-0.8796774194575846,-0.9,0.051840233802795455,-0.29201177358627317,-0.09642659425735478,-0.12418965697288509,0.03471862077713017,-0.07203914523124699,-0.4311688005924225,-0.2895305693149567,-0.05252081751823423,0.04769235849380493,-0.07374299168586729,-0.192057055234909,0.17041114568710325,-0.06149511337280278,0.1344157934188842,-0.17153525948524473,0.009549307823181197,0.1849315524101257,-0.14674977064132688,-0.0167616605758667
0.11961548256020371,0.5548831151503563,-0.14428827594839255,0.1101293261337134,0.35505450906450553,-0.2845493079907869,0.18878870408430382,0.752228491646903,0.5499695465781472,-0.05931001424789428,0.1845719861984253,0.07873499840497966,0.18900000214576707,0.34782000303268445,-0.8216129033826292,-0.7635483814403414,-0.7519354809075594,-0.7112903214991093,-0.48193547353148464,-0.3962903201580048,-0.7606451600790024,-0.7170967742800712,-0.9,-0.9,-0.9,-0.9,-0.9,-0.9,-0.8883870967430995,-0.9,0.11982725858688348,-0.22587348818778996,-0.07246577739715576,-0.0784674882888794,0.05340278148651123,-0.04026677012443547,-0.4236547529697418,-0.32780075669288633,-0.009848266839981079,0.07572348117828365,0.006988120079040483,-0.2573466897010803,0.1963983178138734,-0.06350129842758179,0.11131381988525402,-0.20372230410575864,-0.038843750953674316,0.20716588497161859,-0.19490867257118227,-0.028826022148132346
0.1173656419907102,0.546427960162743,-0.1442787312206576,0.1284356051222878,0.3551049634835949,-0.2913258999937035,0.18858744506793979,0.7220142092023577,0.5649668247049505,-0.06903000712394713,0.1619999914169311,0.09230999618768698,0.13275000214576715,0.3422100126743316,-0.728709676489234,-0.614032255858183,-0.5908064514398574,-0.5037096865475178,-0.4427419424057007,-0.40790322571992876,-0.7679032243788242,-0.7519354809075594,-0.9,-0.9,-0.9,-0.9,-0.9,-0.9,-0.8912903226097114,-0.9,0.17220296859741213,-0.16166569590568547,-0.08985716700553892,-0.09330283999443056,0.08053193092346189,-0.0014182448387145552,-0.40984936952590945,-0.34485391974449153,0.018503916263580278,0.09831293821334841,0.03959004878997807,-0.25650474429130554,0.18797489404678347,-0.04511883258819582,0.09989243745803833,-0.19473706483840947,-0.016198664903640747,0.20183579921722405,-0.1977602362632751,-0.0011822640895843284
0.11449677251236834,0.5378145935578412,-0.14427736583045025,0.14455692992334235,0.3552508651800338,-0.2933737773942571,0.1885609593652241,0.6848570823669432,0.538003640608354,-0.06417001605033879,0.08516399002075192,0.09502499788999563,0.0922500018775464,0.3085500061511993,-0.6851612940430641,-0.5370967715978623,-0.5080645143985749,-0.39919354319572453,-0.4383871078491211,-0.4151612833142281,-0.7722580656409264,-0.7606451600790024,-0.9,-0.9,-0.9,-0.9,-0.9,-0.9,-0.8941935484763235,-0.9,0.1966155767440797,-0.11757946014404297,-0.1147283792495728,-0.12075058221817014,0.10480924844741824,0.027915465831756636,-0.3927323698997498,-0.3342166006565094,0.03760006427764895,0.11580319404602057,0.020249819755554177,-0.23033469915390015,0.17770460844039915,-0.016019868850708052,0.11540740728378307,-0.13966192603111272,0.024342441558837913,0.20359543561935423,-0.1705984711647034,0.004254949092864946
0.11153380814316793,0.529767252248646,-0.1442787312206576,0.16041394099214845,0.3552985836172221,-0.2935481914339233,0.18857156576791356,0.7218856266566686,0.544225912961093,-0.05175002574920662,0.06897599601745619,0.08959499716758734,0.05400000214576717,0.29733000934124,-0.6938709631562233,-0.5516129069030284,-0.5283871024847031,-0.4296774253249169,-0.4456451654434204,-0.4209677562117577,-0.7722580656409264,-0.7591935452073812,-0.9,-0.9,-0.9,-0.9,-0.9,-0.9,-0.8941935484763235,-0.9,0.20982309579849245,-0.07625868916511536,-0.13172693252563472,-0.14535046219825742,0.11996297836303704,0.05041683912277217,-0.3777877986431122,-0.3269072055816651,0.04494953155517578,0.12375648021698005,-0.006280070543289162,-0.18893110156059267,0.1828814864158631,0.0037895321846008745,0.11152013540267947,-0.0819587051868439,0.05389920473098753,0.20766853094100945,-0.15211354494094853,-0.012305009365081832
0.10982527587117896,0.5228062562505614,-0.14427464025152215,0.1759053860024603,0.35533949851006297,-0.2936241337330415,0.1884921187611025,0.6663427897862025,0.5502886416695335,-0.06606001853942867,0.03819599103927607,0.10045499593019491,0.05399999946355816,0.2833050119876862,-0.696774186193943,-0.5632258057594299,-0.5414516128599645,-0.44419355392456056,-0.4456451654434204,-0.4151612833142281,-0.7722580656409264,-0.7548387005925179,-0.9,-0.9,-0.9,-0.9,-0.9,-0.9,-0.8941935484763235,-0.9,0.22150293588638303,-0.02486665248870845,-0.1454264223575592,-0.15539742708206172,0.13408695459365838,0.0731708765029907,-0.37004919648170476,-0.3234185099601745,0.061709690093994185,0.12877585887908938,-0.01202740073204045,-0.152301299571991,0.17934000492095958,0.02721701860427861,0.11383659839630134,-0.04594827890396114,0.0749543309211731,0.19468642473220832,-0.140537291765213,-0.025064116716384865
0.10905352091559839,0.517349947013437,-0.14427055188312987,0.19231070861444344,0.35537629382559277,-0.29364664707818067,0.18776126690645623,0.6677570343017577,0.5598613637143915,-0.06822002291679385,0.020867991685867282,0.10045499593019491,0.04950000107288355,0.26647500336170216,-0.7156451594084501,-0.5937096744775772,-0.5733871065080166,-0.48193547353148464,-0.4470967769622803,-0.40790321230888366,-0.7722580656409264,-0.7504838660359383,-0.9,-0.9,-0.9,-0.9,-0.9,-0.9,-0.8941935484763235,-0.9,0.2473003149032592,0.044051957130432084,-0.15039060115814207,-0.15710636973381042,0.14588577747344977,0.11879847049713133,-0.35808268189430237,-0.32830442190170284,0.09114575386047363,0.14485216140747081,0.009518301486968972,-0.12364988923072817,0.16459289789199827,0.07339178323745732,0.1142397880554199,-0.047965997457504295,0.09250380992889407,0.1420466780662536,-0.11881772875785823,-0.018673861026763938
0.10902079316251478,0.5132506876305237,-0.14426918909366582,0.20896914595151317,0.35539541448998146,-0.29361569927675957,0.17912349336695066,0.5926714079720633,0.5418327309868552,-0.09225001931190491,-0.06873600482940678,0.09230999886989599,-0.018000000938773186,0.23001000165939323,-0.7606451584026217,-0.6735483884811402,-0.6604838680475951,-0.5995161306113005,-0.4935483857989311,-0.43548386469483374,-0.7853225810453296,-0.7533870924264192,-0.9,-0.9,-0.9,-0.9,-0.8956451612524688,-0.9,-0.8854838711908087,-0.9,0.2870352029800415,0.13691990375518792,-0.15164877176284786,-0.1440144002437591,0.13513162136077883,0.1654061436653137,-0.3375742435455322,-0.3329581081867218,0.10482244491577142,0.15741991996765148,0.058319163322448686,-0.09801081418991087,0.12691301107406627,0.1216318488121032,0.12170405387878425,-0.09372711181640625,0.10531865358352654,0.07925916910171504,-0.09120739102363584,0.016881179809570268
0.109026244320371,0.511201064644654,-0.14427464025152215,0.2224752987669324,0.35539950285837374,-0.2935819399899111,0.16642894252148566,0.5480570861271449,0.5151886380802501,-0.07038001656532289,-0.14511600011587145,0.08959499984979635,-0.0652500008046627,0.24123000919818882,-0.8520967754535377,-0.8187096761539578,-0.8230645157396793,-0.8230645157396793,-0.725806450098753,-0.6358064487576485,-0.8709677421720698,-0.8230645140632987,-0.9,-0.9,-0.9,-0.9,-0.8695161287672818,-0.9,-0.853548387810588,-0.9,0.3216147780418396,0.2342163920402528,-0.1660531461238861,-0.10262201428413387,0.1036567568778991,0.1864854097366334,-0.3160997807979584,-0.32343723177909856,0.10774508714675901,0.1342486381530762,0.09776158332824703,-0.0674914062023163,0.08832492828369143,0.16110967397689813,0.12984970808029173,-0.12355193495750427,0.1305194020271302,0.0645359873771667,-0.08953481912612915,0.03450543880462642
0.10902215595197895,0.5104522249333284,-0.14428827594839255,0.2302336576997096,0.3554049540162302,-0.29357350553362926,0.15962886461594172,0.5243999208722797,0.41978045420213184,0.010619992017745994,-0.22172399852424862,0.06515999659895899,-0.10350000321865083,0.25245000600814815,-0.8608064529486,-0.8303225800395012,-0.8390322592109442,-0.8462903226725758,-0.7838709661737084,-0.6953225780278445,-0.8927419355954044,-0.8506451622582972,-0.9,-0.9,-0.9,-0.9,-0.8564516125246883,-0.9,-0.8332258072681725,-0.9,0.34728416204452517,0.28295491933822625,-0.17156926989555354,-0.05852360129356382,0.0871691107749939,0.1796856880187988,-0.2954290688037873,-0.3149620950222015,0.10972208976745612,0.11293880939483636,0.13069857358932502,-0.0550701498985291,0.05947476625442505,0.17775889635086062,0.1207756876945495,-0.12925034165382387,0.1427627205848695,0.06882655620574951,-0.09030150175094609,0.05017533302307131
0.1089457981300993,0.4990228135823832,-0.1442978206761275,0.22967126158143347,0.3551567806921484,-0.2948703139178296,0.15931639999271396,0.5274856363024031,0.4178659085252069,0.03869997382164003,-0.2582039988040924,0.01357499912381166,-0.13950000643730165,0.27208499372005457,-0.8506451614201069,-0.8303225800395012,-0.8404838715679944,-0.853548387810588,-0.843387097120285,-0.7679032243788242,-0.9,-0.8796774196671322,-0.9,-0.9,-0.9,-0.9,-0.8390322575345636,-0.9,-0.8070967722684145,-0.8941935484763235,0.3533409118652343,0.32787677049636843,-0.18331230282783506,-0.05366767644882198,0.07581478357315063,0.18457020521163947,-0.2675056636333466,-0.2991276741027832,0.11601165533065794,0.08476102352142334,0.13284519910812376,-0.03955855965614319,0.056259655952453635,0.1793734788894653,0.1258528947830201,-0.12198348641395573,0.1517531633377075,0.0824611902236938,-0.07792702317237854,0.03043996095657353
0.10891307037701592,0.4734042127141168,-0.14428146200107206,0.21905024762257075,0.3534987132422217,-0.30396203003436884,0.15932699629406744,0.5029284954071046,0.47274954650889744,-0.02313003480434417,-0.24041999977827078,-0.04072499871253965,-0.11025000214576719,0.2608650076389313,-0.8477419350296259,-0.8274193536490202,-0.8506451614201069,-0.8651612900197506,-0.8825806451146491,-0.8158064514398575,-0.9,-0.8985483871190809,-0.9,-0.9,-0.9,-0.9,-0.8477419350296259,-0.9,-0.8274193553254009,-0.9,0.3535036683082581,0.3465362548828125,-0.18825502395629878,-0.12779996395111082,0.02180635929107666,0.183500862121582,-0.23757398128509521,-0.17869825959205632,0.14505633115768435,0.06270285844802859,0.09912693500518799,-0.03223569989204411,0.04788022041320805,0.1310224771499634,0.2073459148406983,0.004395282268524148,0.22239568233489992,0.12444924116134637,0.02549257278442385,-0.06676822900772095
0.10891172839349761,0.4431343887829574,-0.14425691618625947,0.19329772302725357,0.3471841710441298,-0.30899735214578294,0.15942232260090494,0.5054999215262276,0.5871436390009793,-0.1411200177669526,-0.14397599905729297,-0.06787499561905863,-0.05175000127404927,0.25806000709533683,-0.8477419350296259,-0.8245161272585392,-0.8550000010058284,-0.8651612900197506,-0.8985483871190809,-0.8361290328204632,-0.9,-0.9,-0.9,-0.9,-0.9,-0.9,-0.8477419350296259,-0.9,-0.8361290328204632,-0.9,0.2293771505355836,0.22016311883926398,-0.29853522777557373,-0.23835182189941406,-0.0018620967864990678,0.20806152820587165,-0.09435625076293941,-0.08383845090866093,0.054395306110382124,0.2054551720619201,0.06107808351516719,0.15714697837829583,-0.05695450901985166,0.0076306700706482156,0.35178984403610236,0.18027781248092645,0.3412723660469056,0.06511298418045042,-0.021081089973449707,-0.038518989086151145
0.10968074736717714,0.42173458108966033,-0.14425009963819602,0.1522112796861571,0.3338651198661552,-0.3053994878059568,0.1596447742199757,0.6035999229976111,0.5975140968236058,-0.1216800105571747,-0.011508007049560565,-0.0678749962896108,-0.0044999997317790585,0.25806000709533683,-0.8477419350296259,-0.8259677404537797,-0.8564516142010689,-0.8651612900197506,-0.9,-0.8419354856014252,-0.9,-0.9,-0.9,-0.9,-0.9,-0.9,-0.8477419350296259,-0.9,-0.8361290328204632,-0.9,0.007595479488372803,0.1394245505332946,-0.15920745134353642,-0.24190124273300173,0.011939692497253462,-0.002586346864700273,0.15578205585479743,-0.19962147474288938,-0.08344539999961853,0.08922829627990725,0.1767458796501159,0.28072428703308117,-0.26028086543083195,-0.04446464180946352,0.32381944656372064,0.09228730201721191,0.387264096736908,0.10186289548873895,-0.15239340662956236,0.045631027221679665
0.11272826710098738,0.4116376100890081,-0.14423918691951032,0.10016915014056316,0.31112402841539966,-0.2837897884218612,0.15969242222139057,0.6196713311331613,0.6246368226138029,-0.1608300107717514,0.06897599601745619,-0.02986499994993208,0.02475000087171797,0.26647500336170216,-0.8506451614201069,-0.8274193536490202,-0.8564516142010689,-0.8651612900197506,-0.8985483871190809,-0.8361290328204632,-0.9,-0.9,-0.9,-0.9,-0.9,-0.9,-0.8477419350296259,-0.9,-0.8303225800395012,-0.9,0.17069331407546995,0.12748990058898924,0.04140740633010864,-0.21640255451202395,0.03438355922698977,-0.25328673720359807,0.1039022326469422,-0.23971422314643864,0.13467757701873773,-0.13072426915168767,0.26348605155944826,0.18919905424118044,-0.18282703757286067,-0.012545979022979714,0.23533176183700555,-0.06257137656211853,0.24221870899200437,0.03952578306198118,-0.23476012945175173,0.060288870334625266
0.11780197388758962,0.4083082794882166,-0.1442337357616541,0.041026656968040975,0.2793263167232335,-0.23327619459889992,0.15968712912138183,0.6536142213003976,0.6299018213965676,-0.1608300107717514,0.12164399385452274,-0.02443499922752379,0.006750000268220924,0.27488999962806704,-0.8506451614201069,-0.8303225800395012,-0.8593548405915499,-0.8680645164102316,-0.9,-0.8433870979584753,-0.9,-0.9,-0.9,-0.9,-0.9,-0.9,-0.8477419350296259,-0.9,-0.8332258064299822,-0.9,0.1816485285758972,-0.10257330536842346,0.07181249856948857,-0.07877047061920162,0.040311777591705344,-0.2011937856674194,0.06637737751007078,-0.1701769351959228,0.23509722948074352,-0.0594755172729492,0.2932226300239563,0.1097511649131776,-0.1910887777805328,-0.03268051743507383,0.29354063272476194,-0.2157927274703979,0.26597149372100837,-0.10461929440498352,-0.13813065290451054,0.022521007061004683
0.12376882792180421,0.4079356097907346,-0.14422964739326194,-0.016996622017473095,0.24781766203907074,-0.17629262969564885,0.15967654292136413,0.6872999463762556,0.6680331854386764,-0.18837001025676725,0.20417998981475816,0.00814500007778396,0.013499999865889567,0.2833049958944319,-0.8520967746153474,-0.8303225800395012,-0.8608064529486,-0.8695161296054721,-0.9,-0.8448387103155256,-0.9,-0.9,-0.9,-0.9,-0.9,-0.9,-0.8477419350296259,-0.9,-0.8274193536490202,-0.9,0.12784749269485485,-0.2654352128505707,-0.006619048118591264,-0.05652776956558225,0.07250332832336426,-0.17109092473983767,0.04428906440734859,-0.09530462622642522,0.08408306837081914,0.008000063896179244,0.22121154069900506,0.061550474166870095,-0.2484836518764496,-0.07931892871856694,0.2691326379776001,-0.2790521442890167,0.22197382450103753,-0.05920407772064207,-0.04196069240570066,0.03272659778594966
0.1288016510244846,0.40794265065697843,-0.14422691921359054,-0.06534093379599337,0.2253888158231544,-0.12611660459673535,0.1597665761281929,0.6286713736397879,0.6500045468590475,-0.1910700130462646,0.2009879808425904,0.01085999943315985,-0.029250002279877618,0.3085500007867813,-0.853548387810588,-0.8288709668442608,-0.8608064529486,-0.8709677428007127,-0.9,-0.8462903226725758,-0.9,-0.9,-0.9,-0.9,-0.9,-0.9,-0.8477419350296259,-0.9,-0.8361290328204632,-0.9,0.07732658386230473,-0.28497725129127505,-0.03392060995101931,-0.08705822825431819,0.15627644062042234,-0.16742359399795537,0.07866275310516357,-0.05087662339210508,-0.01778127551078801,0.08378963470458989,0.1318659782409669,0.002245330810546897,-0.23571451306343083,-0.1333510637283325,0.2691757678985597,-0.274467658996582,0.14473360776901256,0.010983967781066917,0.03862627744674685,0.06100641489028935
0.13220777164085773,0.4079426573625652,-0.14422692181433383,-0.10537572171167708,0.21389146045755092,-0.08986507675961786,0.15984601303366797,0.7398856707981655,0.7117486433549362,-0.20484000205993658,0.34622398567199697,0.01357500012964008,-0.013500000536441847,0.33660001695156117,-0.8520967746153474,-0.8259677404537797,-0.8608064529486,-0.8680645164102316,-0.9,-0.8477419350296259,-0.9,-0.9,-0.9,-0.9,-0.9,-0.9,-0.8477419350296259,-0.9,-0.8361290328204632,-0.9,0.059378635883331254,-0.22387084364891052,-0.010160261392593406,-0.10244965553283691,0.2023236393928528,-0.22033794522285466,0.1259533166885377,-0.056588065624237016,-0.07053737640380864,0.06484090089797978,0.052093219757080034,-0.01824991106986995,-0.16109974980354314,-0.15340781807899473,0.24964199066162107,-0.2663075745105743,0.050495159626007036,0.07822008132934566,0.08366088867187504,0.03674733638763428
0.13346767570187146,0.4080551502883777,-0.14422419363466255,-0.12811936056670326,0.21180934702186727,-0.07133001971671304,0.1598777918363924,0.6731570516313824,0.675053187717091,-0.209700014591217,0.2778239908218384,-0.0027150000259280604,-0.0202500011399388,0.31415999650955195,-0.8520967746153474,-0.8274193536490202,-0.8593548405915499,-0.8709677428007127,-0.9,-0.8477419350296259,-0.9,-0.9,-0.9,-0.9,-0.9,-0.9,-0.8477419350296259,-0.9,-0.8361290328204632,-0.9,0.06092348098754885,-0.1802151560783386,0.013139712810516402,-0.11823611855506899,0.20838049650192259,-0.2588464736938476,0.12218438386917108,-0.05891445279121399,-0.11963043808937068,0.02069013118743901,0.02250684499740596,-0.045266622304916404,-0.09256319403648372,-0.15117391347885134,0.2307482957839967,-0.22700875997543335,0.0012280225753784624,0.09750977754592893,0.09444208145141597,-0.0010401606559753418
0.1335385823658951,0.4081746840804338,-0.14422691921359054,-0.14050069969153367,0.21169207430714654,-0.06618498528847194,0.1598354167323145,0.7420713288443429,0.6710645458915016,-0.1940400123596191,0.3117959833145142,0.0,-0.0157500010728836,0.3253800040483473,-0.8520967746153474,-0.8259677404537797,-0.8593548405915499,-0.8709677428007127,-0.9,-0.8477419350296259,-0.9,-0.9,-0.9,-0.9,-0.9,-0.9,-0.8477419350296259,-0.9,-0.8361290328204632,-0.9,0.0779019713401794,-0.14416497945785522,0.021982955932617232,-0.1317992448806763,0.23203983306884768,-0.28696031570434566,0.1020538687705993,-0.031298750638961814,-0.1728261530399322,-0.008343011140823364,0.012878143787384055,-0.08750604987144472,-0.04834333062171936,-0.12239847779273982,0.20034835338592527,-0.19217882752418514,-0.00987283587455745,0.10881217718124392,0.0740516066551209,-0.012460416555404641
0.13356312297922102,0.4082028073118872,-0.1442228282444552,-0.1434589431781741,0.21160207818765342,-0.06585586175156644,0.15984600293233198,0.6974571091788156,0.6788822741941972,-0.21537001132965083,0.29925597381591806,-0.0027150000259280604,-0.011250001005828403,0.3225750088691711,-0.853548387810588,-0.8288709668442608,-0.8637096776627005,-0.8709677428007127,-0.9,-0.8462903226725758,-0.9,-0.9,-0.9,-0.9,-0.9,-0.9,-0.8477419350296259,-0.9,-0.8361290328204632,-0.9,0.07949820756912229,-0.13484553694725032,0.016440546512603738,-0.13353200554847722,0.2385424733161926,-0.2874015390872955,0.10142033100128167,-0.023293215036392256,-0.1831095814704895,-0.014204442501068115,0.016090679168701216,-0.10176070332527165,-0.043896925449371293,-0.10152584910392759,0.18596903085708616,-0.18682191967964168,-0.006809592247009277,0.11386749744415281,0.06938831806182866,-0.0010564148426055464
0.1335672113476133,0.40819577315123035,-0.14422555902486978,-0.14376264652181947,0.21155163417153722,-0.06574052646388506,0.15985129603234094,0.7023427554539271,0.6806372737884522,-0.21672001004219055,0.28717198276519784,-0.00814500007778407,-0.018000001274049326,0.3113550013303755,-0.853548387810588,-0.8245161272585392,-0.8608064529486,-0.8709677428007127,-0.9,-0.8491935482248664,-0.9,-0.9,-0.9,-0.9,-0.9,-0.9,-0.8477419350296259,-0.9,-0.8361290328204632,-0.9,0.080654239654541,-0.13602265119552615,0.015986609458923384,-0.1343111336231232,0.23884459733963015,-0.2885347187519074,0.10194647312164318,-0.02027374505996704,-0.18243752717971806,-0.0138447046279907,0.01573888063430784,-0.0993063747882843,-0.0412675559520721,-0.10496336817741392,0.18544278144836424,-0.1886214137077331,-0.005641061067581221,0.11036109924316417,0.06688420772552495,-0.008465588092803955
0.133582202031718,0.40819577315123035,-0.14422419623540572,-0.1440494762655934,0.21149709138405537,-0.06563925799284276,0.15984600293233198,0.704657118661063,0.6726599979400635,-0.21213002085685728,0.2887679872512817,-0.00814500007778407,-0.02025000147521494,0.3085500061511993,-0.8520967746153474,-0.8259677404537797,-0.8651612900197506,-0.8709677428007127,-0.9,-0.8477419350296259,-0.9,-0.9,-0.9,-0.9,-0.9,-0.9,-0.8477419350296259,-0.9,-0.8361290328204632,-0.9,0.12235969305038463,-0.13127406835556032,0.014475882053375244,-0.1590565502643585,0.1991879224777221,-0.2832066178321838,0.05130754709243779,-0.050809729099273726,-0.1776530563831329,0.026163554191589333,0.03651913404464724,-0.05774973034858699,-0.00043001174926760033,-0.07994195222854616,0.17092870473861688,-0.17788758873939514,-0.0058900773525237815,0.15162291526794436,0.07094410657882688,-0.023175412416458152
0.13358765318957422,0.4081922594236954,-0.14422419363466255,-0.14415070713780231,0.21147390315722003,-0.06552673553194599,0.15985129603234094,0.695142786843436,0.6737768268585204,-0.2148300182819367,0.28033198928833014,-0.0027150000259280604,-0.0157500010728836,0.3029400157928467,-0.853548387810588,-0.8259677404537797,-0.8651612900197506,-0.8709677428007127,-0.9,-0.8491935482248664,-0.9,-0.9,-0.9,-0.9,-0.9,-0.9,-0.8477419350296259,-0.9,-0.8361290328204632,-0.9,0.12222365140914915,-0.13312312960624695,0.015645539760589577,-0.15715030431747434,0.19957265853881834,-0.28302395939826963,0.051312696933746293,-0.048966944217681885,-0.17591487765312197,0.026948046684265092,0.03610296249389644,-0.05662373900413509,-0.0010255694389342818,-0.08143508434295654,0.1724285960197448,-0.1786266982555389,-0.005213570594787553,0.14995726346969607,0.0692006707191467,-0.023944401741027854
0.13359037876850255,0.4081922594236954,-0.14422419623540572,-0.14422944345252242,0.21146572642043593,-0.06549860726409751,0.1598354167323145,0.6982285227094379,0.671383640982888,-0.2132100176811219,0.27941996955871595,-0.00814500007778407,-0.01575000140815974,0.30294001042842866,-0.853548387810588,-0.8259677404537797,-0.8651612900197506,-0.8709677428007127,-0.9,-0.8477419350296259,-0.9,-0.9,-0.9,-0.9,-0.9,-0.9,-0.8477419350296259,-0.9,-0.8361290328204632,-0.9,0.16096998453140265,-0.12871540188789365,0.004183709621429443,-0.1752896010875702,0.15804433822631847,-0.2660419285297394,0.008869206905364968,-0.07078644633293152,-0.17747297286987307,0.05972281694412229,0.0630427479743958,-0.01481325030326841,0.029521036148071333,-0.0705607116222382,0.17567900419235227,-0.17948033809661867,-0.008713960647583008,0.18286507129669183,0.06590702533721926,-0.03488448858261106
0.13359720311879564,0.4081852319686258,-0.14422555902486978,-0.14430536928843374,0.21145618689418744,-0.06547891479388845,0.15981953743228805,0.6984856469290598,0.6689904629100453,-0.21267001926898954,0.2769119710922242,-0.01086000010371202,-0.018000001274049326,0.3057450056076051,-0.853548387810588,-0.8259677404537797,-0.8637096776627005,-0.8709677428007127,-0.9,-0.8491935482248664,-0.9,-0.9,-0.9,-0.9,-0.9,-0.9,-0.8477419350296259,-0.9,-0.8361290328204632,-0.9,0.16077922582626336,-0.12904365062713619,0.0046936511993408425,-0.17581772804260254,0.15848743915557872,-0.2676081240177155,0.008957612514495894,-0.07032178044319148,-0.17739717364311214,0.059974730014801025,0.06349904537200923,-0.015411865711212114,0.03036442995071409,-0.0715334415435791,0.17524534463882457,-0.17949557304382324,-0.007826042175292924,0.18411047458648688,0.06688785552978516,-0.034962218999862626
0.13359994950366982,0.40818171824109084,-0.14422419623540572,-0.14435880056685624,0.21143573464925358,-0.06545922232367951,0.1597983448295811,0.6955284936087472,0.6712240973385898,-0.21483000755310055,0.27645597839355485,-0.01086000010371202,-0.01575000140815974,0.30294001042842866,-0.853548387810588,-0.8274193536490202,-0.8651612900197506,-0.8709677428007127,-0.9,-0.8477419350296259,-0.9,-0.9,-0.9,-0.9,-0.9,-0.9,-0.8477419350296259,-0.9,-0.8361290328204632,-0.9,0.18901580572128307,-0.12848076224327087,-0.005075758695602395,-0.18390346169471739,0.12990120649337766,-0.2502491354942322,-0.020766359567642168,-0.08785795569419863,-0.1812717318534851,0.08121975660324099,0.09375082254409794,0.01727117300033565,0.05054923295974734,-0.0674018204212189,0.1840263605117799,-0.17822034358978267,-0.013219964504241899,0.20072418451309215,0.05688300132751467,-0.03843782544136043
0.13360132269610692,0.40818171824109084,-0.14422555902486978,-0.14441503159706914,0.2113770982918931,-0.06543390688261597,0.1597665660268569,0.6978428159441267,0.6702668237686157,-0.21375001072883604,0.2785079755783081,-0.01086000010371202,-0.02025000147521494,0.30294001042842866,-0.853548387810588,-0.8274193536490202,-0.8651612900197506,-0.8709677428007127,-0.9,-0.8477419350296259,-0.9,-0.9,-0.9,-0.9,-0.9,-0.9,-0.8477419350296259,-0.9,-0.8361290328204632,-0.9,0.18797028064727794,-0.12719684243202212,-0.0028467893600463423,-0.1829157114028931,0.12834477424621593,-0.25022633671760564,-0.01793539524078369,-0.08795650005340572,-0.1820166349411011,0.07928824424743652,0.09064010381698606,0.014917802810668901,0.051319885253906294,-0.06542835831642146,0.18473381996154792,-0.17572857141494747,-0.012519586086273238,0.20193289518356317,0.05927188396453853,-0.038338476419448875
0.13360132269610692,0.40818171824109084,-0.14422419623540572,-0.14446285264489245,0.2113389193809535,-0.06538889762998568,0.15974539362682194,0.6980999810355052,0.6696286452900281,-0.21294002115726463,0.27691198825836183,-0.01086000010371202,-0.018000001609325356,0.30013501524925223,-0.853548387810588,-0.8274193536490202,-0.8637096776627005,-0.8709677428007127,-0.9,-0.8520967746153474,-0.9,-0.9,-0.9,-0.9,-0.9,-0.9,-0.8477419350296259,-0.9,-0.8361290328204632,-0.9,0.1873018741607667,-0.12710977792739864,-0.00459709167480471,-0.1832189619541168,0.12876555919647215,-0.24942253232002254,-0.01734745502471924,-0.08721830248832707,-0.18050188422203062,0.07924586534500122,0.0910540223121643,0.016204082965850852,0.05034828186035156,-0.06638156175613408,0.18418579101562493,-0.1763098061084747,-0.013303810358047508,0.20081655979156487,0.05957164764404299,-0.03825457692146306
0.13359994950366982,0.40818171824109084,-0.14422555902486978,-0.14451346271748755,0.2113061916278699,-0.06523699425274343,0.15971360472276153,0.6968142781938825,0.6685118241743607,-0.21429002523422236,0.27759599018096937,-0.01086000010371202,-0.018000001609325356,0.29452500879764576,-0.853548387810588,-0.8274193536490202,-0.8651612900197506,-0.8709677428007127,-0.9,-0.8491935482248664,-0.9,-0.9,-0.9,-0.9,-0.9,-0.9,-0.8477419350296259,-0.9,-0.8361290328204632,-0.9,0.18772265911102293,-0.1288177013397217,-0.0016221463680267112,-0.18306886553764345,0.12752637863159177,-0.2500179290771485,-0.019667834043502808,-0.08659297227859497,-0.18030104041099548,0.07899760007858281,0.09241508245468144,0.014335334300994873,0.049433434009552024,-0.06839552521705627,0.18674987554550182,-0.17774886488914488,-0.012168592214584328,0.2005515575408935,0.05839995145797727,-0.03842677474021916
0.13359994950366982,0.40818171824109084,-0.14422419623540572,-0.1445584518324653,0.2112748318657368,-0.06517229521261936,0.1597083015214168,0.6970714024135044,0.6678736417943781,-0.21375002145767208,0.27691197967529313,-0.00814500007778407,-0.013500001206994017,0.30294001042842866,-0.853548387810588,-0.8274193536490202,-0.8651612900197506,-0.8709677428007127,-0.9,-0.8491935482248664,-0.9,-0.9,-0.9,-0.9,-0.9,-0.9,-0.8477419350296259,-0.9,-0.8361290328204632,-0.9,0.18932586908340465,-0.12912835478782658,-0.005075973272323564,-0.18388978242874143,0.12886941432952892,-0.24851379990577693,-0.020377922058105513,-0.0879390120506287,-0.18099905848503117,0.08207430839538576,0.09357905387878418,0.016326177120208785,0.05179474353790281,-0.06741759181022644,0.1832619309425355,-0.17796151041984554,-0.012065219879150435,0.20092942714691164,0.056953918933868364,-0.036375850439071655
0.13360132269610692,0.4081782045135557,-0.14422555902486978,-0.14460063046863436,0.21126120397109605,-0.06513572578170135,0.1596977153213991,0.6982284818376815,0.6672354594143953,-0.21294002115726463,0.2766839876174926,-0.01086000010371202,-0.02025000147521494,0.29733000397682197,-0.853548387810588,-0.8303225800395012,-0.8651612900197506,-0.8709677428007127,-0.9,-0.8520967746153474,-0.9,-0.9,-0.9,-0.9,-0.9,-0.9,-0.8477419350296259,-0.9,-0.8361290328204632,-0.9,0.1880128741264343,-0.12778161764144902,-0.0027906775474548784,-0.1833587050437927,0.12927904129028323,-0.2509195268154144,-0.018316322565078758,-0.0872923314571381,-0.18249197602272038,0.07829056978225712,0.09172886610031128,0.012710344791412309,0.050885581970214866,-0.06574679017066953,0.1857882499694824,-0.1747736513614655,-0.010421240329742454,0.20315909385681163,0.05698492527008059,-0.03990166783332827
0.13360132269610692,0.4081641428978292,-0.14422555902486978,-0.14464843006242079,0.21125028084943753,-0.06511884882099228,0.1596712498213554,0.6973284857613699,0.668830915364352,-0.2153700006008149,0.27599998569488526,-0.01086000010371202,-0.022500001341104525,0.3113550013303755,-0.8520967746153474,-0.8288709668442608,-0.8651612900197506,-0.8709677428007127,-0.9,-0.8491935482248664,-0.9,-0.9,-0.9,-0.9,-0.9,-0.9,-0.8477419350296259,-0.9,-0.8361290328204632,-0.9,0.18900110721588137,-0.1277058184146881,-0.004290515184402488,-0.18342731595039363,0.12993296384811404,-0.250042337179184,-0.0204076409339905,-0.08699160218238833,-0.17992429733276372,0.08135011196136477,0.09373891353607178,0.015215313434600808,0.051427495479583696,-0.06664565205574036,0.1839200377464295,-0.17712482213974,-0.012754011154174849,0.20183118581771853,0.056140673160552934,-0.03774130940437315
0.13360132269610692,0.4081571020315854,-0.14422555902486978,-0.14469906158905277,0.21124346690211737,-0.06510478066299541,0.15966065352000192,0.6964284488133022,0.6680331854386764,-0.21402002334594727,0.27371997928619385,-0.01086000010371202,-0.02025000147521494,0.3085500061511993,-0.853548387810588,-0.8303225800395012,-0.8651612900197506,-0.8709677428007127,-0.9,-0.8506451614201069,-0.9,-0.9,-0.9,-0.9,-0.9,-0.9,-0.8477419350296259,-0.9,-0.8361290328204632,-0.9,0.18725960254669183,-0.12721347212791445,-0.0035430371761322466,-0.182952082157135,0.12778869867324827,-0.24996702075004573,-0.018822938203811646,-0.0876198828220367,-0.1805366992950439,0.0804511427879333,0.09260981082916264,0.015161240100860618,0.052541148662567094,-0.06622138023376467,0.18521414995193475,-0.17692730426788328,-0.012821173667907693,0.2025195479393006,0.058023476600646995,-0.0378198981285095
0.13360813664342708,0.408150067870929,-0.14420782975812063,-0.14520522667711588,0.21112893016929812,-0.06507383822700452,0.15969243232272634,0.7001570565359932,0.6634063690358943,-0.20187001883983613,0.2725799932479859,-0.01357500012964008,-0.018000001609325356,0.31415999650955195,-0.853548387810588,-0.8303225800395012,-0.8651612900197506,-0.8709677428007127,-0.9,-0.8506451614201069,-0.9,-0.9,-0.9,-0.9,-0.9,-0.9,-0.8477419350296259,-0.9,-0.8361290328204632,-0.9,0.1894762873649597,-0.12767808437347417,-0.0041796326637267844,-0.18370948433876033,0.13034323453903196,-0.2503461241722107,-0.021186608076095625,-0.08672187924385066,-0.181624174118042,0.07977232933044431,0.0926809430122375,0.015629124641418413,0.051750111579895064,-0.06629927158355708,0.1823982596397401,-0.17530837655067444,-0.011249613761901811,0.20101203918457033,0.05737073421478267,-0.038475966453552224
0.1336585702565708,0.40819577315123035,-0.14380558580304548,-0.14643126051289546,0.2104608044293378,-0.06495287996846832,0.1603226546691906,0.6998999323163714,0.6723409223556519,-0.16947001218795776,0.28283997917175296,-0.00543000005185601,-0.01575000140815974,0.33940501213073737,-0.853548387810588,-0.8288709668442608,-0.8651612900197506,-0.8709677428007127,-0.9,-0.8506451614201069,-0.9,-0.9,-0.9,-0.9,-0.9,-0.9,-0.8477419350296259,-0.9,-0.8361290328204632,-0.9,0.18850607872009284,-0.12348219752311707,-0.004887360334396407,-0.183309406042099,0.1318010687828065,-0.2509937167167664,-0.019158697128295876,-0.08563773036003108,-0.1819400310516357,0.07930476665496822,0.0926559448242188,0.01237399578094478,0.05187016725540161,-0.06145917177200322,0.18193380832672112,-0.1758924007415772,-0.013632059097290039,0.20268520116806032,0.0578666210174561,-0.03465483784675594
0.13382492419794334,0.4088602364626094,-0.14303109486556376,-0.14829000607226295,0.2093208830575134,-0.06455061488701153,0.16284883715505638,0.7103142193385533,0.676967727054249,-0.151920012831688,0.2892239885330202,0.00814500007778396,-0.02025000181049108,0.3337950164079667,-0.853548387810588,-0.8288709668442608,-0.8651612900197506,-0.8709677428007127,-0.9,-0.8520967746153474,-0.9,-0.9,-0.9,-0.9,-0.9,-0.9,-0.8477419350296259,-0.9,-0.8361290328204632,-0.9,0.18506448268890374,-0.1175206661224365,-0.006473028659820579,-0.1852957427501678,0.13423007726669323,-0.2506175637245178,-0.019892495870590166,-0.08726293444633482,-0.18180216550827022,0.08164311647415157,0.09774259328842161,0.010673475265502885,0.052411437034606934,-0.05491978526115415,0.18073303699493415,-0.17622199058532717,-0.013958269357681297,0.20652902126312267,0.057643568515777566,-0.026054066419601396
0.13426535486618862,0.40978134270136246,-0.14198526058236793,-0.15106828237197423,0.2078073493130751,-0.06323130388853249,0.1675569991061795,0.7049142020089286,0.694198639609597,-0.1586700010299682,0.2946959953308105,0.02171999953687187,-0.0157500010728836,0.33379500567913045,-0.853548387810588,-0.8288709668442608,-0.8651612900197506,-0.8709677428007127,-0.9,-0.8506451614201069,-0.9,-0.9,-0.9,-0.9,-0.9,-0.9,-0.8477419350296259,-0.9,-0.8361290328204632,-0.9,0.18048015832901,-0.11274563670158388,-0.0044262886047363725,-0.1856881499290466,0.13515050411224372,-0.2523350894451142,-0.01749873161315918,-0.08750395774841313,-0.17699940204620357,0.08046466112136841,0.09812507629394529,0.009913873672485307,0.05145807266235347,-0.05385918617248531,0.18238195180892947,-0.17743601202964787,-0.015480798482894853,0.207412326335907,0.05916073322296145,-0.02288305163383486
0.1347344041131785,0.41122628268305494,-0.14071444380266884,-0.15441178672280742,0.20595294135207987,-0.06227768585787696,0.17293774840650855,0.6946285384041923,0.6584604575417258,-0.1419300127029418,0.28261198711395263,0.02714999992400402,-0.02475000087171797,0.32818501532077804,-0.853548387810588,-0.8288709668442608,-0.8651612900197506,-0.8709677428007127,-0.9,-0.8506451614201069,-0.9,-0.9,-0.9,-0.9,-0.9,-0.9,-0.8477419350296259,-0.9,-0.8361290328204632,-0.9,0.17479988336563113,-0.10808980464935303,-0.003135824203491233,-0.18773623108863835,0.13324774503707892,-0.25029247999191284,-0.01724612116813662,-0.09275089502334599,-0.176417738199234,0.08005213737487793,0.10605840682983392,0.010079634189605668,0.04636723995208736,-0.04346235394477849,0.18701230287551873,-0.17818622589111333,-0.012559336423873857,0.21250916719436652,0.06483392715454106,-0.010930269956588745
0.135252544989794,0.4126536339103123,-0.1391954615011176,-0.15816583552009367,0.203729009386863,-0.060978067329606755,0.17927706397655652,0.7046570777893068,0.6908481879667802,-0.16164001107215875,0.30746399688720716,0.04615499943494805,-0.02025000181049108,0.34501501321792605,-0.853548387810588,-0.8303225800395012,-0.8651612900197506,-0.8709677428007127,-0.9,-0.8506451614201069,-0.9,-0.9,-0.9,-0.9,-0.9,-0.9,-0.8477419350296259,-0.9,-0.8361290328204632,-0.9,0.17048506736755364,-0.10161988735198979,-0.0030988097190857156,-0.18623306751251223,0.13243589401245115,-0.25019962191581724,-0.012201261520385698,-0.09483674168586731,-0.16719099283218386,0.08060960769653325,0.11136928796768186,0.012026166915893532,0.048171830177307084,-0.03860154747962952,0.18912631273269664,-0.17614286541938784,-0.011509895324707031,0.21647615432739264,0.06683464050292964,0.0001412987709045188
0.135800688040565,0.41428841576269393,-0.13741740616051534,-0.1624963542837371,0.20134963619895896,-0.059110213525998434,0.18686093483817012,0.7050428254263742,0.6969109127738259,-0.16839001536369325,0.3040439958572386,0.03800999969244001,-0.022500001341104525,0.3281850099563598,-0.853548387810588,-0.8259677404537797,-0.8651612900197506,-0.8709677428007127,-0.9,-0.8506451614201069,-0.9,-0.9,-0.9,-0.9,-0.9,-0.9,-0.8477419350296259,-0.9,-0.8361290328204632,-0.9,0.16321166753768923,-0.0935785174369812,-0.005696958303451516,-0.18805144429206844,0.1324276328086854,-0.24914513826370244,-0.0092990040779114,-0.09906540513038631,-0.16469342708587642,0.07851694822311406,0.11639113426208503,0.011248004436492876,0.045519232749938965,-0.028539723157882668,0.19051204919815057,-0.17821637392044065,-0.005711817741394065,0.22306194305419924,0.06928253173828125,0.011017763614654563
0.13641291340506612,0.4161763268149147,-0.13555208808157782,-0.16737802725042117,0.19858164955136337,-0.05714953107305998,0.1949956214447809,0.7141713278634209,0.7034522802179509,-0.1781100082397461,0.3106559886932373,0.02986499961465605,-0.03375000134110451,0.3337950164079667,-0.853548387810588,-0.8274193536490202,-0.8651612900197506,-0.8709677428007127,-0.9,-0.853548387810588,-0.9,-0.9,-0.9,-0.9,-0.9,-0.9,-0.8477419350296259,-0.9,-0.8361290328204632,-0.9,0.15633695125579827,-0.08637002706527708,-0.008263564109802224,-0.18819054365158083,0.1285208344459533,-0.24614197611808775,-0.003730952739715576,-0.10410243272781372,-0.15614517331123356,0.07829915285110478,0.12390003204345701,0.012000203132629395,0.04219651222229004,-0.020999336242675803,0.19325487613677972,-0.18057569861412048,0.0016923666000365767,0.23077200651168817,0.07481421232223506,0.024183011054992654
0.1371492254316079,0.41846501738489705,-0.13344951199798727,-0.17285022257750615,0.19554777851813976,-0.05475282827588901,0.2038558466033572,0.7006713458469936,0.6822327297384089,-0.17109001278877256,0.31088398933410655,0.016289999820292,-0.047250000536441794,0.3337950164079667,-0.853548387810588,-0.8303225800395012,-0.8651612900197506,-0.8709677428007127,-0.9,-0.8520967746153474,-0.9,-0.9,-0.9,-0.9,-0.9,-0.9,-0.8477419350296259,-0.9,-0.8361290328204632,-0.9,0.14955782890319835,-0.07869611978530888,-0.007696384191513084,-0.18787747621536255,0.12704433202743537,-0.24547512531280513,-0.002780002355575517,-0.10801089406013487,-0.15220221877098083,0.07776367664337158,0.12903066873550417,0.010421240329742454,0.04130698442459102,-0.011346334218978904,0.19424686431884763,-0.18023023009300232,0.006373679637908913,0.23311829566955578,0.07843852043151855,0.036976397037506104
0.13789371419493424,0.4206412083234793,-0.1312119417351567,-0.17849395365509368,0.19233255765795187,-0.05271900696111442,0.21302852628382551,0.7283142634800502,0.6957940916581588,-0.18027001261711117,0.33482398796081536,0.0027150000259280604,-0.029250002279877618,0.3394050174951554,-0.853548387810588,-0.8288709668442608,-0.8651612900197506,-0.8709677428007127,-0.9,-0.8520967746153474,-0.9,-0.9,-0.9,-0.9,-0.9,-0.9,-0.8477419350296259,-0.9,-0.8361290328204632,-0.9,0.13746761083602899,-0.06900427937507625,-0.00997819304466252,-0.1860817909240723,0.12450631856918337,-0.2411730229854584,0.0032300233840942827,-0.10984638333320618,-0.14490365982055664,0.07557982206344604,0.1376016139984132,0.012022089958190874,0.03803350925445559,0.0010537862777709739,0.19725801944732668,-0.18022733330726626,0.015678584575653076,0.23606432676315314,0.08490747213363647,0.050091004371643044
0.13874729893619653,0.423147870701191,-0.12883938509531623,-0.18439920944015775,0.18885281000011356,-0.05034199529279504,0.22384298618857945,0.699899891444615,0.7074409103393554,-0.19971001446247105,0.3361919832229615,-0.01086000010371202,-0.04500000100582835,0.3478200244903563,-0.853548387810588,-0.8303225800395012,-0.8651612900197506,-0.8709677428007127,-0.9,-0.8520967746153474,-0.9,-0.9,-0.9,-0.9,-0.9,-0.9,-0.8477419350296259,-0.9,-0.8361290328204632,-0.9,0.12372579574584963,-0.05483379364013674,-0.01044087409973149,-0.1848290920257568,0.12360413074493415,-0.23720088601112366,0.010347640514373757,-0.11431773304939274,-0.1383192658424377,0.07317420244216921,0.14185656309127814,0.012658524513244673,0.03686900138854976,0.015207803249359109,0.19935926198959353,-0.1763708531856537,0.02343242168426518,0.23965687751770026,0.09443092346191406,0.06197093725204472
0.1395967745031207,0.42581977885684685,-0.12628820680818276,-0.19096809221570687,0.1852557948290413,-0.04796779913397553,0.23517645273159793,0.7005428041730609,0.7002613761208275,-0.21780000150203704,0.3266159906387328,-0.01900500018149609,-0.042750000804662736,0.314160007238388,-0.853548387810588,-0.8288709668442608,-0.8637096776627005,-0.8709677428007127,-0.9,-0.8520967746153474,-0.9,-0.9,-0.9,-0.9,-0.9,-0.9,-0.8477419350296259,-0.9,-0.8361290328204632,-0.9,0.11676299571990978,-0.049660295248031616,-0.014722645282745361,-0.1847962617874146,0.12418477535247796,-0.23478759527206416,0.016129946708679177,-0.11620375514030457,-0.1341483235359192,0.07072920799255367,0.14661523103713991,0.011959326267242387,0.037199771404266335,0.027524721622466997,0.1976796627044678,-0.17364959120750423,0.03522952795028689,0.24205745458602912,0.09753713607788084,0.07029469013214107
0.14052671706626263,0.42846706409741075,-0.12358703845621855,-0.19768320570546083,0.1814160678947162,-0.04526166258739306,0.24703421901289013,0.6997713906424387,0.6927627312053334,-0.20835001051425928,0.34394397068023685,0.01086000010371202,-0.051750000268220964,0.33099001586437227,-0.853548387810588,-0.8303225800395012,-0.8651612900197506,-0.8724193555768579,-0.9,-0.8520967746153474,-0.9,-0.9,-0.9,-0.9,-0.9,-0.9,-0.8477419350296259,-0.9,-0.8361290328204632,-0.9,0.10672016143798835,-0.034496694803237915,-0.015522372722625688,-0.1843106746673584,0.11804670095443737,-0.22978414893150334,0.01999876499176023,-0.1232920825481415,-0.12744596600532532,0.06421616077423098,0.15281016826629645,0.01286580562591555,0.041175770759582564,0.04226464033126831,0.2023671984672547,-0.1672968864440918,0.04452434778213499,0.24453045129776008,0.10243999958038341,0.08090540170669558
0.14144437371828256,0.43130419791425056,-0.12074815034608599,-0.2051041248218688,0.17758861646854107,-0.042350176271941486,0.25890786459420856,0.7063284873962402,0.7005804634094238,-0.23507999897003173,0.3510119733810425,0.02171999953687187,-0.05850000321865079,0.33660002231597896,-0.853548387810588,-0.8288709668442608,-0.8651612900197506,-0.8724193555768579,-0.9,-0.8520967746153474,-0.9,-0.9,-0.9,-0.9,-0.9,-0.9,-0.8477419350296259,-0.9,-0.8361290328204632,-0.9,0.09822624921798706,-0.02416230440139766,-0.016372042894363448,-0.18364822268486025,0.1183259725570679,-0.22724377512931826,0.018914723396301292,-0.12221125960350032,-0.1229624390602112,0.06428514719009404,0.1583975315093994,0.01277139186859133,0.04877661466598515,0.05266227722167971,0.2035893201828004,-0.1622502565383911,0.05392388105392454,0.2447895526885987,0.1050150275230407,0.08917969465255737
0.14235112805458916,0.43423274229169395,-0.11787381150468512,-0.21236477155704603,0.17329619896228154,-0.039407746179141334,0.27085036088098435,0.7112142562866212,0.6905290967767889,-0.23859000742435454,0.3562559881210329,0.04615499809384338,-0.04950000107288366,0.33099001049995425,-0.853548387810588,-0.8274193536490202,-0.8651612900197506,-0.8709677428007127,-0.9,-0.8506451614201069,-0.9,-0.9,-0.9,-0.9,-0.9,-0.9,-0.8477419350296259,-0.9,-0.8361290328204632,-0.9,0.08979874849319458,-0.01037542819976811,-0.012281942367553755,-0.18311156630516057,0.11383166313171389,-0.22490193843841555,0.017055845260620095,-0.12302890419960022,-0.11976765990257265,0.05621856451034546,0.15989570617675775,0.009207594394683882,0.05392999649047847,0.06567592620849605,0.20773901939392092,-0.15406683683395384,0.06539708375930786,0.24670561552047732,0.10673604011535642,0.0936797976493835
0.14338605742132915,0.4372808204611932,-0.11470358350275756,-0.22040997096061576,0.1688524234002401,-0.03653564279207144,0.28446640609343443,0.7169999395098005,0.7085577314550225,-0.2556000110507012,0.3728999834060668,0.05158499881625167,-0.04500000134110449,0.32538000941276557,-0.853548387810588,-0.8288709668442608,-0.8651612900197506,-0.8709677428007127,-0.9,-0.853548387810588,-0.9,-0.9,-0.9,-0.9,-0.9,-0.9,-0.8477419350296259,-0.9,-0.8361290328204632,-0.9,0.08265430927276607,0.0015005350112915483,-0.01203458905220034,-0.1848713636398316,0.11178985834121702,-0.22296913862228396,0.013600838184356645,-0.12152563333511357,-0.11546443104743953,0.0527523994445801,0.16200102567672736,0.00946122407913208,0.061962783336639404,0.07489446401596067,0.20826580524444582,-0.14685700535774227,0.07207921743392942,0.24632248878479002,0.1098584532737733,0.09762339591979985
0.14443187870080865,0.44032186447003563,-0.11163971029537834,-0.22827801365606493,0.16442092334634817,-0.033663537392965126,0.2978811922895205,0.7135284560067313,0.7045690935308283,-0.24939000785350796,0.38110798931121825,0.03257999897003172,-0.05400000080466272,0.33099001586437227,-0.853548387810588,-0.8259677404537797,-0.8651612900197506,-0.8709677428007127,-0.9,-0.853548387810588,-0.9,-0.9,-0.9,-0.9,-0.9,-0.9,-0.8477419350296259,-0.9,-0.8361290328204632,-0.9,0.07308182716369627,0.015493619441986128,-0.01082700490951538,-0.1853756725788116,0.10964076519012445,-0.2196979701519013,0.009070479869842552,-0.12300277948379512,-0.11370624303817745,0.05066360235214229,0.16297670602798464,0.009112751483917214,0.07205067873001103,0.08795135021209721,0.21251614093780524,-0.13926651477813723,0.08270419836044307,0.246080231666565,0.1089290142059326,0.10316998958587653
0.14555545180055118,0.4436160309731302,-0.10832086021957033,-0.23677595223278458,0.15973307583233354,-0.03072110797084382,0.3117885095224916,0.7145570346287319,0.6965918254852296,-0.2718000036478043,0.38110798072814933,0.00814499974250793,-0.04050000295042999,0.3253800201416016,-0.8520967746153474,-0.8274193536490202,-0.8651612900197506,-0.8724193555768579,-0.9,-0.853548387810588,-0.9,-0.9,-0.9,-0.9,-0.9,-0.9,-0.8477419350296259,-0.9,-0.8361290328204632,-0.9,0.06728793382644649,0.02569792270660398,-0.012613034248352029,-0.18348428606987,0.10819934606552117,-0.21895859241485593,0.004224157333374001,-0.11861940622329714,-0.11045089960098264,0.046972346305847124,0.1643459200859071,0.010107529163360551,0.08060950040817261,0.0976259708404541,0.21190137863159186,-0.13243959546089168,0.09366971254348755,0.24571169614791877,0.11200990676879885,0.10469992160797126
0.14659309634324613,0.44673442392684926,-0.10514245288011492,-0.24489145115113875,0.15516931758110275,-0.027742108447125657,0.32553695294451257,0.7238142013549805,0.7101531874049795,-0.27936000823974605,0.3840719890594483,-0.00814500007778407,-0.02925000093877317,0.3253800040483473,-0.8506451614201069,-0.8274193536490202,-0.8651612900197506,-0.8724193555768579,-0.9,-0.853548387810588,-0.9,-0.9,-0.9,-0.9,-0.9,-0.9,-0.8477419350296259,-0.9,-0.8361290328204632,-0.9,0.057723391056060835,0.036270976066589355,-0.009897190332412764,-0.18200778365135195,0.1022756338119507,-0.2154122829437256,-0.002086007595062278,-0.11459212303161626,-0.10729254484176631,0.045236849784851096,0.16218609809875495,0.009480321407318137,0.08964929580688474,0.10569266080856321,0.2141294360160827,-0.12593100070953367,0.10291936397552492,0.25152844190597545,0.1136781334877014,0.10606709718704221
0.14767710693663838,0.45015516508824394,-0.10171178644892909,-0.25367058778699614,0.150290575512389,-0.024287706321472036,0.3406570567676611,0.7131427901131765,0.712386817932129,-0.2844900065660476,0.39866397857666,0.016289999820292,-0.01575000140815974,0.32538000941276557,-0.853548387810588,-0.8274193536490202,-0.8637096776627005,-0.8724193555768579,-0.9,-0.853548387810588,-0.9,-0.9,-0.9,-0.9,-0.9,-0.9,-0.8477419350296259,-0.9,-0.8361290328204632,-0.9,0.05250585079193115,0.043292784690856956,-0.010626643896102905,-0.18048793673515318,0.10070514678955089,-0.21430179476737976,-0.0062781929969787376,-0.1106878459453583,-0.10629546046257021,0.0440282464027405,0.16571556329727166,0.01015141010284426,0.09923229217529295,0.11226493120193493,0.2161124467849732,-0.11896916627883913,0.1131396532058716,0.2511106610298156,0.1143145680427552,0.10717184543609626
0.1487106735139142,0.4534036330166239,-0.09836157661098788,-0.2621488369215266,0.14553864308390085,-0.02053793692770689,0.3554488166675559,0.711985628945487,0.7122272742878307,-0.2898900094628334,0.39797998523712164,0.04343999907374374,-0.013500000871717877,0.32818501532077804,-0.8520967746153474,-0.8274193536490202,-0.8651612900197506,-0.8724193555768579,-0.9,-0.853548387810588,-0.9,-0.9,-0.9,-0.9,-0.9,-0.9,-0.8477419350296259,-0.9,-0.8361290328204632,-0.9,0.04551322460174556,0.04990475177764897,-0.01007196307182312,-0.18200150728225706,0.09861592054367063,-0.21365296840667725,-0.010741764307022117,-0.10666565895080571,-0.10869297981262205,0.0424785733222961,0.16320211887359626,0.008584249019622847,0.106446897983551,0.12023012638092034,0.21522903442382824,-0.11465274095535283,0.12264111042022707,0.2535677790641785,0.11383327245712282,0.10513132810592662
0.1497810458096932,0.456645066784347,-0.09495954956449326,-0.2710179625143577,0.14064081155971742,-0.016672832916938884,0.3696580022224013,0.7358999388558524,0.7127059130235153,-0.295290006995201,0.43787995147705094,0.07330499634146692,-0.004500000402331339,0.33940501213073737,-0.8520967746153474,-0.8274193536490202,-0.8651612900197506,-0.8724193555768579,-0.9,-0.8520967746153474,-0.9,-0.9,-0.9,-0.9,-0.9,-0.9,-0.8477419350296259,-0.9,-0.8361290328204632,-0.9,0.04002531766891482,0.0551275491714478,-0.013128072023391724,-0.17688235044479372,0.10086919069290168,-0.21318009495735168,-0.017435485124588035,-0.09871703982353208,-0.10695539116859432,0.0436225891113281,0.16728079319000255,0.0110587477684021,0.1170753121376037,0.1242122411727905,0.21346971988677976,-0.11140619516372685,0.13097784519195554,0.25156116485595714,0.11865792274475095,0.10407196283340447
0.15103004755499427,0.46004823260248007,-0.09147979670516848,-0.27976335195047297,0.1356079936585236,-0.012644572545092547,0.38424850310593184,0.7068427767072406,0.7088768226450141,-0.32364000275731086,0.395015968322754,0.03800999969244001,0.0022499998658895848,0.314160007238388,-0.853548387810588,-0.8274193536490202,-0.8637096776627005,-0.8724193555768579,-0.9,-0.853548387810588,-0.9,-0.9,-0.9,-0.9,-0.9,-0.9,-0.8477419350296259,-0.9,-0.8361290328204632,-0.9,0.03629479408264158,0.055880391597747825,-0.015865910053253218,-0.17608782649040222,0.10085813999176019,-0.21220902800559993,-0.017244672775268532,-0.09405455589294431,-0.10511839985847471,0.04365874528884883,0.16706771850585944,0.011939907073974632,0.1224993824958801,0.12937946319580085,0.20961699485778806,-0.10741174221038818,0.13778357505798333,0.24984787702560418,0.11928856372833263,0.10325742959976203
0.152249057529113,0.4635041177448106,-0.08792641420363556,-0.2887787028939999,0.13056289764843687,-0.009178919112299622,0.3993156456249852,0.7150714056832449,0.7021759076551958,-0.3058200082182885,0.43810798645019544,0.02714999925345174,0.006750000603497064,0.3394050228595734,-0.853548387810588,-0.8288709668442608,-0.8651612900197506,-0.8738709683530033,-0.9,-0.853548387810588,-0.9,-0.9,-0.9,-0.9,-0.9,-0.9,-0.8477419350296259,-0.9,-0.8361290328204632,-0.9,0.02826522588729863,0.059132838249206565,-0.016252470016479448,-0.17148472666740422,0.10127441883087152,-0.20939222574234007,-0.021400326490402244,-0.08707861304283138,-0.101839292049408,0.04274175167083738,0.1685166478157044,0.011616110801696777,0.12665369510650637,0.13421387672424323,0.21126279830932615,-0.10730536580085759,0.1450555801391601,0.24876383543014524,0.12140632867813117,0.1046354413032532
0.15341760268116922,0.46706899549659264,-0.08439485193798701,-0.2977715485530198,0.12550144816478126,-0.0060142596072059185,0.41510305379866763,0.7329427855355398,0.7155777298320424,-0.32958000540733334,0.43993197441101073,0.0027150000259280604,0.0,0.3253800147771836,-0.853548387810588,-0.8274193536490202,-0.8651612900197506,-0.8724193555768579,-0.9,-0.853548387810588,-0.9,-0.9,-0.9,-0.9,-0.9,-0.9,-0.8477419350296259,-0.9,-0.8361290328204632,-0.9,0.02583192586898808,0.06252926588058472,-0.02034981250762935,-0.16883411407470705,0.10346353054046642,-0.20719217061996464,-0.028651839494705178,-0.0831466019153595,-0.10256617069244389,0.043199336528778054,0.1712138772010804,0.012858080863952681,0.1291554450988769,0.13819953203201296,0.2097631216049195,-0.10434463620185852,0.14892826080322263,0.25038002729415887,0.12386881113052362,0.10287086963653558
0.15449343653777736,0.47063387995396166,-0.0808932853446358,-0.30664067414585106,0.1205654351289146,-0.0027680222149950584,0.43041382033682696,0.7429713657924107,0.7240336366133256,-0.32148000508546837,0.4472279691696167,0.02443499956279993,0.004500000402331228,0.31696500778198244,-0.853548387810588,-0.8274193536490202,-0.8637096776627005,-0.8724193555768579,-0.9,-0.853548387810588,-0.9,-0.9,-0.9,-0.9,-0.9,-0.9,-0.8477419350296259,-0.9,-0.8361290328204632,-0.9,0.022679793834686324,0.060881745815277055,-0.0249400913715363,-0.16925715208053593,0.10659120082855222,-0.20580214262008667,-0.03157174587249756,-0.07699645757675166,-0.10223389863967891,0.04452670812606807,0.17383021116256725,0.015437400341033913,0.13252880573272707,0.1393596410751342,0.20703080892562864,-0.10416857600212093,0.1553624510765076,0.2483552813529969,0.12455116510391229,0.10432280302047736
0.15561290046318133,0.47403703236092076,-0.07740671593724735,-0.31528202223094837,0.11570850809459887,0.000393824269445453,0.44543329465179393,0.7257428169250489,0.7069622794064608,-0.34092000156641,0.44631596660614015,0.03529499866068353,-0.00450000006705531,0.3113550120592118,-0.853548387810588,-0.8288709668442608,-0.8651612900197506,-0.8709677428007127,-0.9,-0.853548387810588,-0.9,-0.9,-0.9,-0.9,-0.9,-0.9,-0.8477419350296259,-0.9,-0.8361290328204632,-0.9,0.01685489416122432,0.05860079526901241,-0.030380362272262595,-0.16353304982185368,0.11167066097259515,-0.20325195193290713,-0.03678579926490788,-0.06985040903091433,-0.10369371771812441,0.04646090269088743,0.17602994441986086,0.01749454736709599,0.13508656024932864,0.14267206192016613,0.20573970079422,-0.10284292101860049,0.15967576503753655,0.24928965568542483,0.12574592828750608,0.10390437841415412
0.15683735119218334,0.4773487876184507,-0.07390923901266,-0.3241877001388217,0.11065387255826364,0.004104211808962921,0.4599390756311762,0.7428427832467216,0.7149395474520598,-0.34227000564336774,0.4595399608612062,0.06787499561905863,-0.002250000536441865,0.314160007238388,-0.8520967746153474,-0.8259677404537797,-0.8637096776627005,-0.8709677428007127,-0.9,-0.853548387810588,-0.9,-0.9,-0.9,-0.9,-0.9,-0.9,-0.8477419350296259,-0.9,-0.8361290328204632,-0.9,0.013859724998474099,0.05773583650588987,-0.03676171302795406,-0.16101413369178774,0.11712037324905389,-0.2006237089633942,-0.046042960882186845,-0.06222365498542781,-0.10341133475303654,0.04974703788757329,0.18071265220642097,0.023451626300811768,0.14049110412597654,0.1434665322303773,0.20254669189453123,-0.10290804505348206,0.1640028119087219,0.24878100156784055,0.12776166200637828,0.10201857089996336
0.15803046816648447,0.4807484262978753,-0.07048130466226044,-0.3332424138761997,0.10572195829376219,0.008332196882952947,0.47426477504489795,0.75325711114066,0.7285009132732044,-0.3555000002682208,0.47504398727416997,0.05701499886810779,-0.0157500010728836,0.3197700136899949,-0.8520967746153474,-0.8288709668442608,-0.8651612900197506,-0.8724193555768579,-0.9,-0.853548387810588,-0.9,-0.9,-0.9,-0.9,-0.9,-0.9,-0.8477419350296259,-0.9,-0.8361290328204632,-0.9,0.01481705904006958,0.05281848907470699,-0.04495237469673152,-0.15570062398910522,0.12825583219528192,-0.19673745632171635,-0.044167077541351296,-0.05445157885551455,-0.09910907149314885,0.05063034296035762,0.1832402586936951,0.027343940734863237,0.1348613619804383,0.13852761983871453,0.19935894012451183,-0.10768157243728638,0.16204930543899543,0.24375572204589846,0.12920061349868772,0.1050248980522156
0.15921537719508272,0.48426759876935555,-0.06709427480172869,-0.3419034514034862,0.1009250278055277,0.011946941201542383,0.4891465681516213,0.7321713720049178,0.7087172829021108,-0.35172000467777254,0.4629599704742432,0.03529499933123592,-0.022500001676380665,0.31135500669479377,-0.853548387810588,-0.8288709668442608,-0.8651612900197506,-0.8724193555768579,-0.9,-0.853548387810588,-0.9,-0.9,-0.9,-0.9,-0.9,-0.9,-0.8477419350296259,-0.9,-0.8361290328204632,-0.9,0.016611242294311546,0.05211886167526247,-0.057799619436263994,-0.1529960453510284,0.1347450613975526,-0.19486468434333803,-0.04473211169242863,-0.0439777672290802,-0.09778406023979191,0.05004272460937498,0.18471622467041027,0.03014395236968992,0.13297523260116584,0.1388472318649293,0.19408829212188727,-0.11376863121986391,0.16251515150070184,0.24204736948013317,0.13109918832778933,0.10340709686279304
0.1602161952133293,0.48740004663321435,-0.06390632273453845,-0.3499627139281183,0.09632990198993407,0.014788102152621496,0.502328331680623,0.7304999215262277,0.7194068241119383,-0.3571200048923493,0.4725359802246095,0.00814499974250793,-0.03375000268220907,0.31696501314640046,-0.853548387810588,-0.8288709668442608,-0.8651612900197506,-0.8738709683530033,-0.9,-0.853548387810588,-0.9,-0.9,-0.9,-0.9,-0.9,-0.9,-0.8477419350296259,-0.9,-0.8361290328204632,-0.9,0.019144856929779075,0.048909652233123824,-0.06898298263549807,-0.15039564371109004,0.1449627757072448,-0.1895778357982636,-0.0461146295070648,-0.03364820480346675,-0.09651709198951719,0.05310913324356081,0.18913865089416515,0.0363167881965637,0.12849776744842523,0.13604882955551145,0.188045597076416,-0.1216471374034882,0.1587082386016846,0.23977049589157107,0.12937549352645872,0.10615217685699474
0.16123068273810837,0.49061688430819317,-0.06062564766855516,-0.3583931581053529,0.09155615452704802,0.017615197963758322,0.5163733452738409,0.7641856057303292,0.7189281931790438,-0.36306000486016277,0.48439199638366703,0.01628999914973972,-0.031500001475215034,0.3197700136899949,-0.8520967746153474,-0.8274193536490202,-0.8651612900197506,-0.8709677428007127,-0.9,-0.853548387810588,-0.9,-0.9,-0.9,-0.9,-0.9,-0.9,-0.8477419350296259,-0.9,-0.8361290328204632,-0.9,0.023781001567840576,0.04729807376861572,-0.08209362030029299,-0.14683227539062504,0.15588312149047845,-0.18655010461807253,-0.04197844862937927,-0.02289404869079592,-0.091640567779541,0.05102570056915279,0.19087017774581916,0.039964914321899414,0.12130569219589227,0.132363259792328,0.18694374561309812,-0.1307595670223236,0.1533542275428773,0.23438311815261847,0.1272334814071655,0.10638477802276614
0.16221652047522295,0.49353488079744434,-0.05759586500372371,-0.3661740276861465,0.0873687290258729,0.01991625693743826,0.5302118168520223,0.7284428051539832,0.7283413696289062,-0.3676500034332276,0.4711679935455323,0.03257999897003172,-0.03825000241398813,0.3253800040483473,-0.853548387810588,-0.8288709668442608,-0.8651612900197506,-0.8738709683530033,-0.9,-0.853548387810588,-0.9,-0.9,-0.9,-0.9,-0.9,-0.9,-0.8477419350296259,-0.9,-0.8361290328204632,-0.9,0.0261030435562134,0.04387300014495854,-0.09327880740165706,-0.14489266276359558,0.16393328905105597,-0.18450615406036375,-0.0399582624435425,-0.016632699966430686,-0.08830186128616335,0.051193070411682084,0.19415373802185065,0.045803976058959917,0.11508554220199596,0.12953159809112547,0.18571604490280158,-0.13982521891593935,0.14831146001815798,0.23141895532608026,0.12582446336746222,0.10831983089447028
0.16323645915785845,0.49648451424568407,-0.05454017503498709,-0.3738171033526707,0.08298495261065586,0.022723661955062924,0.5437272325562906,0.752614198412214,0.7077600054307417,-0.3619800040125847,0.4962479782104493,0.06787499561905863,-0.04050000093877315,0.3197700136899949,-0.853548387810588,-0.8274193536490202,-0.8651612900197506,-0.8709677428007127,-0.9,-0.853548387810588,-0.9,-0.9,-0.9,-0.9,-0.9,-0.9,-0.8477419350296259,-0.9,-0.8361290328204632,-0.9,0.03171497583389282,0.04001029729843142,-0.10371404886245728,-0.14658808708190918,0.17064170837402337,-0.18104192018508913,-0.038392496109008745,-0.011735522747039817,-0.08680352568626404,0.05184559822082524,0.19613578319549563,0.04847728013992314,0.10842497348785407,0.1298040032386779,0.18228989839553844,-0.14813373684883113,0.14562635421752923,0.22964569330215456,0.12033537626266477,0.11105160713195794
0.16427819206894545,0.49943766812704526,-0.05147494033851563,-0.3814714316614486,0.07880979741614347,0.025615457141663245,0.555839209056706,0.7301142556326731,0.7248313704403965,-0.37683000326156624,0.4640999736785888,0.05972999721765526,-0.03600000187754637,0.2917200082540513,-0.853548387810588,-0.8288709668442608,-0.8651612900197506,-0.8709677428007127,-0.9,-0.853548387810588,-0.9,-0.9,-0.9,-0.9,-0.9,-0.9,-0.8477419350296259,-0.9,-0.8361290328204632,-0.9,0.036776947975158736,0.034432053565979004,-0.11294728517532349,-0.14658261537551875,0.17837322950363166,-0.1801481008529663,-0.033705389499664284,-0.0056715846061706765,-0.08711991906166072,0.052049875259399414,0.19485143423080442,0.05160259008407597,0.10142451524734508,0.12880825996398937,0.17525006532669074,-0.15793308019638064,0.13890076875686652,0.22785880565643313,0.11570287942886359,0.11373295783996584
0.16520948701857885,0.5023345688399133,-0.0487819526244504,-0.3886111580822277,0.07463055125249574,0.028045915872288663,0.5670614548408573,0.7506856237139022,0.7221190972761674,-0.36225000321865086,0.5017199764251709,0.06515999794006344,-0.04500000000000004,0.3309899997711182,-0.853548387810588,-0.8303225800395012,-0.8651612900197506,-0.8738709683530033,-0.9,-0.853548387810588,-0.9,-0.9,-0.9,-0.9,-0.9,-0.9,-0.8477419350296259,-0.9,-0.8361290328204632,-0.9,0.04141963720321651,0.029138231277465843,-0.12356550693511958,-0.14310228824615479,0.18500912189483654,-0.17901143431663513,-0.02801159620285032,0.0009182810783385786,-0.08518422245979307,0.04729989767074583,0.19310102462768552,0.05395874977111814,0.08847813606262211,0.12929331064224237,0.17099747657775877,-0.1729190111160278,0.12658299207687385,0.2208732604980469,0.10906269550323489,0.11443794965744025
0.16611761454732255,0.5050486551371624,-0.04598942536352868,-0.39570589270627454,0.07081128046421992,0.030808311637282926,0.5790780949330997,0.7527427809579034,0.7262672788446599,-0.3887100018560886,0.4994399871826173,0.02714999958872799,-0.03600000053644181,0.297330014705658,-0.853548387810588,-0.8274193536490202,-0.8637096776627005,-0.8724193555768579,-0.9,-0.8520967746153474,-0.9,-0.9,-0.9,-0.9,-0.9,-0.9,-0.8477419350296259,-0.9,-0.8361290328204632,-0.9,0.05068441629409792,0.016016328334808372,-0.1349554002285004,-0.14165877699851992,0.1909803628921508,-0.17385043501853947,-0.026397979259490945,0.0051586389541625755,-0.08346878886222842,0.04967043399810789,0.19092725515365594,0.060961246490478516,0.07975881099700932,0.13069181442260736,0.1651852369308472,-0.19132432937622068,0.11359884738922121,0.21567320823669445,0.09312973022460935,0.11891080141067512
0.16690573337944492,0.5076326664597498,-0.04348596876451272,-0.4019963932650035,0.06705473050058142,0.033393486571935305,0.5902844513158884,0.7532570702689033,0.7111104570735586,-0.37008000433444976,0.5037719650268554,0.01900499984622006,-0.02925000160932545,0.32538000941276557,-0.853548387810588,-0.8288709668442608,-0.8651612900197506,-0.8709677428007127,-0.9,-0.853548387810588,-0.9,-0.9,-0.9,-0.9,-0.9,-0.9,-0.8477419350296259,-0.9,-0.8361290328204632,-0.9,0.056559848785400435,0.007752549648284868,-0.1418222308158874,-0.13709102869033818,0.1971363544464112,-0.1738820850849152,-0.023812973499298118,0.010352361202240035,-0.0871222257614136,0.04869679212570188,0.18628306388854987,0.05998749732971187,0.07121994495391848,0.1331449627876281,0.16034406423568737,-0.20387642383575444,0.1055078029632569,0.2136687397956848,0.08371624946594236,0.11893150806427
0.16774430663065665,0.5099529939887203,-0.041020692376808277,-0.4084303006503558,0.06358043530097113,0.03591677596392717,0.600945315357697,0.7484999247959682,0.735680463097312,-0.38493000224232665,0.5005799903869629,0.005430000051856121,-0.018000000938773186,0.31416001260280624,-0.853548387810588,-0.8274193536490202,-0.8651612900197506,-0.8709677428007127,-0.9,-0.853548387810588,-0.9,-0.9,-0.9,-0.9,-0.9,-0.9,-0.8477419350296259,-0.9,-0.8361290328204632,-0.9,0.06408526897430422,-0.002560544013977095,-0.14695200920104978,-0.13613959550857546,0.20180726051330578,-0.17310703396797178,-0.01899154186248775,0.018782114982604958,-0.08468205928802486,0.05079352855682373,0.18325603008270275,0.06238989830017094,0.06235127449035649,0.13291751146316522,0.156058430671692,-0.21799353361129759,0.09504708051681521,0.2069329619407655,0.07096062898635869,0.11857166290283205
0.16850515927052478,0.5122487187193591,-0.0386890408770213,-0.41413871028511023,0.06041429956855049,0.038184077998134724,0.611140139116004,0.7751141820635116,0.7114295482635499,-0.3762900035083293,0.5090159797668458,0.01900499984622006,-0.022500001676380665,0.31416001796722404,-0.8520967746153474,-0.8288709668442608,-0.8651612900197506,-0.8738709683530033,-0.9,-0.853548387810588,-0.9,-0.9,-0.9,-0.9,-0.9,-0.9,-0.8477419350296259,-0.9,-0.8361290328204632,-0.9,0.0741306781768799,-0.011136156320571855,-0.15043614506721492,-0.1367124617099762,0.20524113178253167,-0.1722335457801819,-0.01965254545211792,0.021895730495452903,-0.08575360178947444,0.052746713161468506,0.17670822143554699,0.06654667854309082,0.05712815523147585,0.13137931823730475,0.15422830581665037,-0.22797328233718872,0.08583905696868899,0.20013216733932493,0.055168855190277144,0.11457560062408445
0.16919101687797722,0.5142456156754444,-0.036741907966675647,-0.4193156444319948,0.05752359685060793,0.04054983768863607,0.619476054434971,0.7691999162946427,0.7123868257349187,-0.3708900046348572,0.5122079715728761,0.04072499871253965,-0.018000001274049326,0.31416001260280624,-0.853548387810588,-0.8288709668442608,-0.8651612900197506,-0.8724193555768579,-0.9,-0.853548387810588,-0.9,-0.9,-0.9,-0.9,-0.9,-0.9,-0.8477419350296259,-0.9,-0.8361290328204632,-0.9,0.08069522380828853,-0.02048016786575313,-0.15436370372772212,-0.1338595569133758,0.20735449790954597,-0.17142925858497615,-0.021574401855468772,0.028503727912902788,-0.08481160998344417,0.0543991684913635,0.1701784372329712,0.06947211027145384,0.049003207683563255,0.1312622666358948,0.15326035022735607,-0.24100962281227112,0.07640390396118169,0.1954787492752076,0.04091420173645022,0.11107510328292858
0.1698182537325289,0.516101889768677,-0.03480704666336454,-0.42423668555603894,0.05476924980099762,0.04237830722250513,0.627589538337539,0.779742785862514,0.7269054612246425,-0.38250000268220896,0.5377439746856688,0.05972999587655059,-0.018000001274049326,0.3253800147771836,-0.853548387810588,-0.8288709668442608,-0.8651612900197506,-0.8724193555768579,-0.9,-0.853548387810588,-0.9,-0.9,-0.9,-0.9,-0.9,-0.9,-0.8477419350296259,-0.9,-0.8361290328204632,-0.9,0.0901798367500305,-0.034847581386566184,-0.1526687622070313,-0.13551630377769475,0.21172199249267576,-0.16969199180603023,-0.022764927148818948,0.033806669712066695,-0.08582360744476314,0.05932520627975468,0.16143615245819098,0.07422755956649785,0.04093812704086308,0.12321993112564089,0.15110235214233392,-0.25322628021240234,0.06453630924224851,0.19005854129791266,0.0239676833152771,0.10656234025955202
0.17039910373043743,0.5177999589502086,-0.0331108048537988,-0.4285643911591189,0.05240623918926357,0.044282728444995034,0.6349298079080526,0.7616142409188408,0.7278627386960116,-0.37953000202775,0.5087879791259765,0.05972999855875971,-0.006750000603497064,0.314160007238388,-0.853548387810588,-0.8303225800395012,-0.8651612900197506,-0.8724193555768579,-0.9,-0.853548387810588,-0.9,-0.9,-0.9,-0.9,-0.9,-0.9,-0.8477419350296259,-0.9,-0.8361290328204632,-0.9,0.10127098560333259,-0.05274918079376223,-0.14994846582412724,-0.14077187776565547,0.2109955430030822,-0.17101099491119387,-0.02518143653869631,0.03346098661422725,-0.08902868628501892,0.06427323818206787,0.15204176902770994,0.07897850275039675,0.03405096530914309,0.11892442703247064,0.14803701639175426,-0.26494104266166685,0.0529366135597229,0.18385308980941784,0.006038403511047341,0.10052404403686521
0.17090907827324175,0.5191991869460125,-0.03161773050633854,-0.43243373394967666,0.05029002610843092,0.04574269218425586,0.6411579153459025,0.7774285043988908,0.7307345555045387,-0.3779100041091442,0.526115993499756,0.06515999525785454,0.0,0.32257501959800716,-0.853548387810588,-0.8303225800395012,-0.8651612900197506,-0.8753225811291486,-0.9,-0.853548387810588,-0.9,-0.9,-0.9,-0.9,-0.9,-0.9,-0.8477419350296259,-0.9,-0.8361290328204632,-0.9,0.1073523044586181,-0.06006297469139099,-0.15017865300178523,-0.14283176064491276,0.2132750988006592,-0.17063913345336912,-0.024114829301834062,0.036765789985656716,-0.08547325730323796,0.0609876394271851,0.139989423751831,0.08355327844619753,0.027321946620941118,0.11383734941482537,0.14448888301849372,-0.27246683835983276,0.043086683750152566,0.17730345726013186,-0.0040038943290710005,0.09364407062530522
0.17135087173095076,0.5205105248143355,-0.030340095228018282,-0.43562819174398665,0.04847515724709617,0.04699730280125325,0.6465015876928307,0.769328498840332,0.718768633929166,-0.3757500037550926,0.5169960021972656,0.07058999866247173,0.0,0.30855001688003536,-0.853548387810588,-0.8303225800395012,-0.8651612900197506,-0.8738709683530033,-0.9,-0.853548387810588,-0.9,-0.9,-0.9,-0.9,-0.9,-0.9,-0.8477419350296259,-0.9,-0.8361290328204632,-0.9,0.11918427944183352,-0.07263341546058655,-0.1490855991840363,-0.1451345980167389,0.21387537717819216,-0.173471599817276,-0.025915932655334428,0.03742153644561763,-0.08769332170486455,0.06215858459472656,0.1353319287300111,0.0873319745063782,0.02722399234771733,0.10458351373672492,0.14255082607269298,-0.2775087475776672,0.03664476871490474,0.17080897092819225,-0.016017615795135498,0.08638097047805782
0.1717176597532707,0.5215089665867912,-0.029271079870031413,-0.43820962993865237,0.046892088730700276,0.048260353239962694,0.650918459946095,0.754542773110526,0.720842732516202,-0.37737000033259394,0.5149439964294434,0.07601999804377568,0.0,0.30855001151561756,-0.853548387810588,-0.8274193536490202,-0.8651612900197506,-0.8738709683530033,-0.9,-0.853548387810588,-0.9,-0.9,-0.9,-0.9,-0.9,-0.9,-0.8477419350296259,-0.9,-0.8361290328204632,-0.9,0.12144656181335456,-0.07489591240882876,-0.1508155703544617,-0.14564201831817625,0.2126996040344239,-0.17265105843544004,-0.02496852278709416,0.038117730617523216,-0.08822278976440434,0.061759686470031716,0.13090177774429324,0.08763034343719478,0.026250457763671853,0.10315464735031121,0.13838621377944949,-0.2793136060237884,0.032310426235198975,0.17122106552124017,-0.01961966156959538,0.08279550075531006
0.17193581009725112,0.5222472584099253,-0.028502044641706692,-0.4402905293663816,0.0457289895350137,0.0491155142850036,0.6545515240912855,0.776914255959647,0.7158968249234287,-0.3744000010192394,0.5208719959259035,0.06515999659895899,0.002250000201165614,0.3113550174236298,-0.853548387810588,-0.8288709668442608,-0.8651612900197506,-0.8738709683530033,-0.9,-0.853548387810588,-0.9,-0.9,-0.9,-0.9,-0.9,-0.9,-0.8477419350296259,-0.9,-0.8361290328204632,-0.9,0.13153005838394172,-0.08268542289733882,-0.14629529714584355,-0.1469057679176331,0.21077152490615847,-0.1744511961936951,-0.026790815591812178,0.0397743701934814,-0.08979472517967224,0.06294822692871094,0.12283090353012083,0.09277986288070683,0.026265156269073442,0.09598982334136963,0.13761985301971447,-0.28469899892807005,0.024908065795898438,0.16555119752883918,-0.029289883375167802,0.07275577783584597
0.17216353117639926,0.5229925910993024,-0.0278870897971627,-0.44178933787013647,0.045003588926785576,0.049574038584872304,0.6566275582203464,0.7594285011291503,0.7235550056804311,-0.3771000024676323,0.5090159626007081,0.05972999721765526,0.002250000201165614,0.30855001151561756,-0.853548387810588,-0.8303225800395012,-0.8651612900197506,-0.8738709683530033,-0.9,-0.853548387810588,-0.9,-0.9,-0.9,-0.9,-0.9,-0.9,-0.8477419350296259,-0.9,-0.8361290328204632,-0.9,0.13071284294128416,-0.08668454289436345,-0.1441132128238678,-0.14603893160820003,0.21174570322036745,-0.17558062076568604,-0.02694584727287297,0.039649808406829856,-0.08982444405555723,0.06314531564712522,0.12111257314682,0.09283554553985596,0.024105763435363747,0.091856324672699,0.13368419408798216,-0.28576844930648804,0.02130800485610962,0.16397073268890383,-0.028036165237426802,0.07202632427215572
0.1722030728768028,0.523421493848517,-0.0274971174491222,-0.4427257422103514,0.044477262210784296,0.049647178788066015,0.6571677524106497,0.7715141977582659,0.7168541023947977,-0.3762900035083293,0.5224679832458498,0.06515999659895899,0.0,0.3169650024175644,-0.853548387810588,-0.8303225800395012,-0.8651612900197506,-0.8724193555768579,-0.9,-0.853548387810588,-0.9,-0.9,-0.9,-0.9,-0.9,-0.9,-0.8477419350296259,-0.9,-0.8361290328204632,-0.9,0.13372764587402342,-0.09119634032249446,-0.14492592215538025,-0.14428353309631348,0.21362314224243162,-0.17918148636817932,-0.02402926683425899,0.041844391822814964,-0.09268807768821719,0.06222167015075686,0.11476228237152097,0.09360136985778811,0.02474509477615361,0.08921391963958736,0.13471029996871942,-0.2881927907466888,0.016702651977539062,0.16049094200134284,-0.03555144667625432,0.06640816926956172
0.17224536096208076,0.5234461033524355,-0.02746711787570999,-0.4429563301968942,0.04440908502680396,0.049683746877626445,0.6575437670633245,0.7704856191362653,0.7013781894337047,-0.3798000039160252,0.5283959999084472,0.06515999525785454,0.002250000201165614,0.31696501314640046,-0.853548387810588,-0.8274193536490202,-0.8651612900197506,-0.8709677428007127,-0.9,-0.8520967746153474,-0.9,-0.9,-0.9,-0.9,-0.9,-0.9,-0.8477419350296259,-0.9,-0.8361290328204632,-0.9,0.13541647195816042,-0.09083708524703982,-0.1451505303382874,-0.147257673740387,0.2110179662704469,-0.17655850052833555,-0.027825611829757735,0.04161136150360112,-0.0941389381885529,0.06297258138656614,0.11628695726394656,0.09521337747573855,0.025367045402526878,0.09164861440658567,0.13393932580947887,-0.28727880120277405,0.019203007221221924,0.16207033395767223,-0.03436848521232605,0.06585917472839353
0.17225490048832948,0.5234285213035869,-0.027469846055381275,-0.4429619511545118,0.04438726739166288,0.04970343800647814,0.6579939305721335,0.7571142605372837,0.7158968249234287,-0.3811500026285649,0.5290799674987793,0.06244499757885935,0.004500000402331228,0.3085500061511993,-0.853548387810588,-0.8288709668442608,-0.8651612900197506,-0.8724193555768579,-0.9,-0.853548387810588,-0.9,-0.9,-0.9,-0.9,-0.9,-0.9,-0.8477419350296259,-0.9,-0.8361290328204632,-0.9,0.13397655487060545,-0.08936358690261836,-0.14560350179672243,-0.14560301899909978,0.21263941526412966,-0.17617076039314272,-0.027189177274703935,0.041565978527069114,-0.09086701869964597,0.06345441341400149,0.11736305952072146,0.09594733715057369,0.025498044490814165,0.09139884710311885,0.13306910991668708,-0.2873530983924866,0.018924272060394265,0.16226280927658088,-0.03318718671798704,0.06840072870254521
0.17225626327779364,0.5234355554642437,-0.02746711787570999,-0.4429647616333206,0.044369542026028386,0.04972031899125984,0.6585553072638081,0.7634142330714634,0.7098341040177777,-0.38007000312209127,0.5338679809570314,0.0624449962377549,0.0,0.3113550120592118,-0.853548387810588,-0.8303225800395012,-0.8651612900197506,-0.8724193555768579,-0.9,-0.853548387810588,-0.9,-0.9,-0.9,-0.9,-0.9,-0.9,-0.8477419350296259,-0.9,-0.8361290328204632,-0.9,0.13515425920486457,-0.09141649603843693,-0.1460313141345978,-0.14352162480354314,0.21313884258270266,-0.17850943207740788,-0.0280400812625885,0.04233630895614626,-0.09136247634887695,0.062406635284423806,0.11600908041000368,0.09412654638290407,0.02445874214172361,0.09113899469375608,0.13379073143005382,-0.2877308607101441,0.020903849601745628,0.16041229963302606,-0.033864283561706565,0.0667476296424866
0.17225490048832925,0.5234390758973656,-0.02746711787570999,-0.4429647616333206,0.0443640869670574,0.04973719595196879,0.6590743139020728,0.7645713533673969,0.7077600132335317,-0.37872000440955156,0.5306760063171388,0.06787499696016308,0.004500000402331228,0.3057450109720231,-0.853548387810588,-0.8288709668442608,-0.8651612900197506,-0.8724193555768579,-0.9,-0.853548387810588,-0.9,-0.9,-0.9,-0.9,-0.9,-0.9,-0.8477419350296259,-0.9,-0.8361290328204632,-0.9,0.13648238182067873,-0.0904256343841553,-0.14528533816337585,-0.14522826075553896,0.21136944293975823,-0.17746599912643435,-0.02852421998977661,0.0412125706672668,-0.09299320578575132,0.06487019062042232,0.11839860677719127,0.09514964818954463,0.025960671901702925,0.09071102142333987,0.13664116859436037,-0.2882150530815124,0.02044390439987187,0.16217526197433474,-0.034590357542037986,0.06756752729415894
0.17225898885672175,0.5234355487586567,-0.027464390996410182,-0.4429619511545118,0.04435999859866524,0.049751260085893256,0.6593497066225674,0.7619999068123954,0.710631814436479,-0.3789900022745132,0.528623966217041,0.06244499757885935,0.0,0.31135500669479377,-0.853548387810588,-0.8303225800395012,-0.8651612900197506,-0.8724193555768579,-0.9,-0.853548387810588,-0.9,-0.9,-0.9,-0.9,-0.9,-0.9,-0.8477419350296259,-0.9,-0.8390322583727539,-0.9,0.13414210081100475,-0.09055523872375493,-0.1438953638076782,-0.1469033539295197,0.21118952035903937,-0.17717095613479616,-0.02774037122726436,0.041052389144897505,-0.09283763766288755,0.06329476833343506,0.11773416996002195,0.09395874738693233,0.02490409612655642,0.08990764617919922,0.13400123119354246,-0.28757212758064266,0.0184670090675354,0.16270247697830198,-0.03350803256034851,0.06663615703582759
0.17225898885672175,0.5234320350311218,-0.027461664117110485,-0.4429647616333206,0.044358635809201075,0.04976813704660221,0.6595297730362245,0.7630284854343959,0.7098340962149879,-0.3792600041627884,0.5283959999084472,0.06515999659895899,0.002250000201165614,0.3113550120592118,-0.853548387810588,-0.8303225800395012,-0.8651612900197506,-0.8724193555768579,-0.9,-0.853548387810588,-0.9,-0.9,-0.9,-0.9,-0.9,-0.9,-0.8477419350296259,-0.9,-0.8361290328204632,-0.9,0.13535338640213024,-0.09008842706680298,-0.14430601000785825,-0.14668566584587095,0.21044461727142327,-0.17713791131973267,-0.028751724958419822,0.04028173685073855,-0.09249801635742183,0.0644317030906677,0.11833895444870002,0.09559875726699829,0.02550641298294065,0.09071316719055178,0.13372421264648449,-0.2878775238990784,0.017884004116058394,0.1626709342002869,-0.03253642916679378,0.06777663230895992
0.1722603516461857,0.5234355487586567,-0.027461664117110485,-0.4429647616333206,0.044354543539694036,0.04977938835374174,0.6596039168416908,0.7646998950413296,0.7091959060322154,-0.3779100041091442,0.5245199718475343,0.06515999659895899,0.0,0.3085500061511993,-0.853548387810588,-0.8303225800395012,-0.8651612900197506,-0.8709677428007127,-0.9,-0.853548387810588,-0.9,-0.9,-0.9,-0.9,-0.9,-0.9,-0.8477419350296259,-0.9,-0.8361290328204632,-0.9,0.13338775634765632,-0.09072276949882507,-0.14344083666801455,-0.14628446102142334,0.21123307943344127,-0.17910885214805605,-0.02688072323799129,0.041276085376739546,-0.0927930057048798,0.06171923875808716,0.1157552361488342,0.09380414485931399,0.023907709121704146,0.09002920389175417,0.1342362999916077,-0.28782758116722107,0.018121433258056596,0.16170415878295896,-0.0341880261898041,0.06580231189727781
0.1722603516461857,0.5234355487586567,-0.027461664117110485,-0.4429647616333206,0.044354543539694036,0.04977938835374174,0.6596039168416908,0.7646998950413296,0.7091959060322154,-0.3779100041091442,0.5245199718475343,0.06515999659895899,0.0,0.3085500061511993,-0.853548387810588,-0.8303225800395012,-0.8651612900197506,-0.8709677428007127,-0.9,-0.853548387810588,-0.9,-0.9,-0.9,-0.9,-0.9,-0.9,-0.8477419350296259,-0.9,-0.8361290328204632,-0.9,0.13338775634765632,-0.09072276949882507,-0.14344083666801455,-0.14628446102142334,0.21123307943344127,-0.17910885214805605,-0.02688072323799129,0.041276085376739546,-0.0927930057048798,0.06171923875808716,0.1157552361488342,0.09380414485931399,0.023907709121704146,0.09002920389175417,0.1342362999916077,-0.28782758116722107,0.018121433258056596,0.16170415878295896,-0.0341880261898041,0.06580231189727781
0.1722603516461857,0.5234355487586567,-0.027461664117110485,-0.4429647616333206,0.044354543539694036,0.04977938835374174,0.6596039168416908,0.7646998950413296,0.7091959060322154,-0.3779100041091442,0.5245199718475343,0.06515999659895899,0.0,0.3085500061511993,-0.853548387810588,-0.8303225800395012,-0.8651612900197506,-0.8709677428007127,-0.9,-0.853548387810588,-0.9,-0.9,-0.9,-0.9,-0.9,-0.9,-0.8477419350296259,-0.9,-0.8361290328204632,-0.9,0.13338775634765632,-0.09072276949882507,-0.14344083666801455,-0.14628446102142334,0.21123307943344127,-0.17910885214805605,-0.02688072323799129,0.041276085376739546,-0.0927930057048798,0.06171923875808716,0.1157552361488342,0.09380414485931399,0.023907709121704146,0.09002920389175417,0.1342362999916077,-0.28782758116722107,0.018121433258056596,0.16170415878295896,-0.0341880261898041,0.06580231189727781
0.1722603516461857,0.5234355487586567,-0.027461664117110485,-0.4429647616333206,0.044354543539694036,0.04977938835374174,0.6596039168416908,0.7646998950413296,0.7091959060322154,-0.3779100041091442,0.5245199718475343,0.06515999659895899,0.0,0.3085500061511993,-0.853548387810588,-0.8303225800395012,-0.8651612900197506,-0.8709677428007127,-0.9,-0.853548387810588,-0.9,-0.9,-0.9,-0.9,-0.9,-0.9,-0.8477419350296259,-0.9,-0.8361290328204632,-0.9,0.13338775634765632,-0.09072276949882507,-0.14344083666801455,-0.14628446102142334,0.21123307943344127,-0.17910885214805605,-0.02688072323799129,0.041276085376739546,-0.0927930057048798,0.06171923875808716,0.1157552361488342,0.09380414485931399,0.023907709121704146,0.09002920389175417,0.1342362999916077,-0.28782758116722107,0.018121433258056596,0.16170415878295896,-0.0341880261898041,0.06580231189727781
0.1722603516461857,0.5234355487586567,-0.027461664117110485,-0.4429647616333206,0.044354543539694036,0.04977938835374174,0.6596039168416908,0.7646998950413296,0.7091959060322154,-0.3779100041091442,0.5245199718475343,0.06515999659895899,0.0,0.3085500061511993,-0.853548387810588,-0.8303225800395012,-0.8651612900197506,-0.8709677428007127,-0.9,-0.853548387810588,-0.9,-0.9,-0.9,-0.9,-0.9,-0.9,-0.8477419350296259,-0.9,-0.8361290328204632,-0.9,0.13338775634765632,-0.09072276949882507,-0.14344083666801455,-0.14628446102142334,0.21123307943344127,-0.17910885214805605,-0.02688072323799129,0.041276085376739546,-0.0927930057048798,0.06171923875808716,0.1157552361488342,0.09380414485931399,0.023907709121704146,0.09002920389175417,0.1342362999916077,-0.28782758116722107,0.018121433258056596,0.16170415878295896,-0.0341880261898041,0.06580231189727781
0.1722603516461857,0.5234355487586567,-0.027461664117110485,-0.4429647616333206,0.044354543539694036,0.04977938835374174,0.6596039168416908,0.7646998950413296,0.7091959060322154,-0.3779100041091442,0.5245199718475343,0.06515999659895899,0.0,0.3085500061511993,-0.853548387810588,-0.8303225800395012,-0.8651612900197506,-0.8709677428007127,-0.9,-0.853548387810588,-0.9,-0.9,-0.9,-0.9,-0.9,-0.9,-0.8477419350296259,-0.9,-0.8361290328204632,-0.9,0.13338775634765632,-0.09072276949882507,-0.14344083666801455,-0.14628446102142334,0.21123307943344127,-0.17910885214805605,-0.02688072323799129,0.041276085376739546,-0.0927930057048798,0.06171923875808716,0.1157552361488342,0.09380414485931399,0.023907709121704146,0.09002920389175417,0.1342362999916077,-0.28782758116722107,0.018121433258056596,0.16170415878295896,-0.0341880261898041,0.06580231189727781
0.1722603516461857,0.5234355487586567,-0.027461664117110485,-0.4429647616333206,0.044354543539694036,0.04977938835374174,0.6596039168416908,0.7646998950413296,0.7091959060322154,-0.3779100041091442,0.5245199718475343,0.06515999659895899,0.0,0.3085500061511993,-0.853548387810588,-0.8303225800395012,-0.8651612900197506,-0.8709677428007127,-0.9,-0.853548387810588,-0.9,-0.9,-0.9,-0.9,-0.9,-0.9,-0.8477419350296259,-0.9,-0.8361290328204632,-0.9,0.13338775634765632,-0.09072276949882507,-0.14344083666801455,-0.14628446102142334,0.21123307943344127,-0.17910885214805605,-0.02688072323799129,0.041276085376739546,-0.0927930057048798,0.06171923875808716,0.1157552361488342,0.09380414485931399,0.023907709121704146,0.09002920389175417,0.1342362999916077,-0.28782758116722107,0.018121433258056596,0.16170415878295896,-0.0341880261898041,0.06580231189727781
0.1722603516461857,0.5234355487586567,-0.027461664117110485,-0.4429647616333206,0.044354543539694036,0.04977938835374174,0.6596039168416908,0.7646998950413296,0.7091959060322154,-0.3779100041091442,0.5245199718475343,0.06515999659895899,0.0,0.3085500061511993,-0.853548387810588,-0.8303225800395012,-0.8651612900197506,-0.8709677428007127,-0.9,-0.853548387810588,-0.9,-0.9,-0.9,-0.9,-0.9,-0.9,-0.8477419350296259,-0.9,-0.8361290328204632,-0.9,0.13338775634765632,-0.09072276949882507,-0.14344083666801455,-0.14628446102142334,0.21123307943344127,-0.17910885214805605,-0.02688072323799129,0.041276085376739546,-0.0927930057048798,0.06171923875808716,0.1157552361488342,0.09380414485931399,0.023907709121704146,0.09002920389175417,0.1342362999916077,-0.28782758116722107,0.018121433258056596,0.16170415878295896,-0.0341880261898041,0.06580231189727781
0.1722603516461857,0.5234355487586567,-0.027461664117110485,-0.4429647616333206,0.044354543539694036,0.04977938835374174,0.6596039168416908,0.7646998950413296,0.7091959060322154,-0.3779100041091442,0.5245199718475343,0.06515999659895899,0.0,0.3085500061511993,-0.853548387810588,-0.8303225800395012,-0.8651612900197506,-0.8709677428007127,-0.9,-0.853548387810588,-0.9,-0.9,-0.9,-0.9,-0.9,-0.9,-0.8477419350296259,-0.9,-0.8361290328204632,-0.9,0.13338775634765632,-0.09072276949882507,-0.14344083666801455,-0.14628446102142334,0.21123307943344127,-0.17910885214805605,-0.02688072323799129,0.041276085376739546,-0.0927930057048798,0.06171923875808716,0.1157552361488342,0.09380414485931399,0.023907709121704146,0.09002920389175417,0.1342362999916077,-0.28782758116722107,0.018121433258056596,0.16170415878295896,-0.0341880261898041,0.06580231189727781
0.1722603516461857,0.5234355487586567,-0.027461664117110485,-0.4429647616333206,0.044354543539694036,0.04977938835374174,0.6596039168416908,0.7646998950413296,0.7091959060322154,-0.3779100041091442,0.5245199718475343,0.06515999659895899,0.0,0.3085500061511993,-0.853548387810588,-0.8303225800395012,-0.8651612900197506,-0.8709677428007127,-0.9,-0.853548387810588,-0.9,-0.9,-0.9,-0.9,-0.9,-0.9,-0.8477419350296259,-0.9,-0.8361290328204632,-0.9,0.13338775634765632,-0.09072276949882507,-0.14344083666801455,-0.14628446102142334,0.21123307943344127,-0.17910885214805605,-0.02688072323799129,0.041276085376739546,-0.0927930057048798,0.06171923875808716,0.1157552361488342,0.09380414485931399,0.023907709121704146,0.09002920389175417,0.1342362999916077,-0.28782758116722107,0.018121433258056596,0.16170415878295896,-0.0341880261898041,0.06580231189727781
0.1722603516461857,0.5234355487586567,-0.027461664117110485,-0.4429647616333206,0.044354543539694036,0.04977938835374174,0.6596039168416908,0.7646998950413296,0.7091959060322154,-0.3779100041091442,0.5245199718475343,0.06515999659895899,0.0,0.3085500061511993,-0.853548387810588,-0.8303225800395012,-0.8651612900197506,-0.8709677428007127,-0.9,-0.853548387810588,-0.9,-0.9,-0.9,-0.9,-0.9,-0.9,-0.8477419350296259,-0.9,-0.8361290328204632,-0.9,0.13338775634765632,-0.09072276949882507,-0.14344083666801455,-0.14628446102142334,0.21123307943344127,-0.17910885214805605,-0.02688072323799129,0.041276085376739546,-0.0927930057048798,0.06171923875808716,0.1157552361488342,0.09380414485931399,0.023907709121704146,0.09002920389175417,0.1342362999916077,-0.28782758116722107,0.018121433258056596,0.16170415878295896,-0.0341880261898041,0.06580231189727781
0.1722603516461857,0.5234355487586567,-0.027461664117110485,-0.4429647616333206,0.044354543539694036,0.04977938835374174,0.6596039168416908,0.7646998950413296,0.7091959060322154,-0.3779100041091442,0.5245199718475343,0.06515999659895899,0.0,0.3085500061511993,-0.853548387810588,-0.8303225800395012,-0.8651612900197506,-0.8709677428007127,-0.9,-0.853548387810588,-0.9,-0.9,-0.9,-0.9,-0.9,-0.9,-0.8477419350296259,-0.9,-0.8361290328204632,-0.9,0.13338775634765632,-0.09072276949882507,-0.14344083666801455,-0.14628446102142334,0.21123307943344127,-0.17910885214805605,-0.02688072323799129,0.041276085376739546,-0.0927930057048798,0.06171923875808716,0.1157552361488342,0.09380414485931399,0.023907709121704146,0.09002920389175417,0.1342362999916077,-0.28782758116722107,0.018121433258056596,0.16170415878295896,-0.0341880261898041,0.06580231189727781
0.1722603516461857,0.5234355487586567,-0.027461664117110485,-0.4429647616333206,0.044354543539694036,0.04977938835374174,0.6596039168416908,0.7646998950413296,0.7091959060322154,-0.3779100041091442,0.5245199718475343,0.06515999659895899,0.0,0.3085500061511993,-0.853548387810588,-0.8303225800395012,-0.8651612900197506,-0.8709677428007127,-0.9,-0.853548387810588,-0.9,-0.9,-0.9,-0.9,-0.9,-0.9,-0.8477419350296259,-0.9,-0.8361290328204632,-0.9,0.13338775634765632,-0.09072276949882507,-0.14344083666801455,-0.14628446102142334,0.21123307943344127,-0.17910885214805605,-0.02688072323799129,0.041276085376739546,-0.0927930057048798,0.06171923875808716,0.1157552361488342,0.09380414485931399,0.023907709121704146,0.09002920389175417,0.1342362999916077,-0.28782758116722107,0.018121433258056596,0.16170415878295896,-0.0341880261898041,0.06580231189727781
0.1722603516461857,0.5234355487586567,-0.027461664117110485,-0.4429647616333206,0.044354543539694036,0.04977938835374174,0.6596039168416908,0.7646998950413296,0.7091959060322154,-0.3779100041091442,0.5245199718475343,0.06515999659895899,0.0,0.3085500061511993,-0.853548387810588,-0.8303225800395012,-0.8651612900197506,-0.8709677428007127,-0.9,-0.853548387810588,-0.9,-0.9,-0.9,-0.9,-0.9,-0.9,-0.8477419350296259,-0.9,-0.8361290328204632,-0.9,0.13338775634765632,-0.09072276949882507,-0.14344083666801455,-0.14628446102142334,0.21123307943344127,-0.17910885214805605,-0.02688072323799129,0.041276085376739546,-0.0927930057048798,0.06171923875808716,0.1157552361488342,0.09380414485931399,0.023907709121704146,0.09002920389175417,0.1342362999916077,-0.28782758116722107,0.018121433258056596,0.16170415878295896,-0.0341880261898041,0.06580231189727781
0.1722603516461857,0.5234355487586567,-0.027461664117110485,-0.4429647616333206,0.044354543539694036,0.04977938835374174,0.6596039168416908,0.7646998950413296,0.7091959060322154,-0.3779100041091442,0.5245199718475343,0.06515999659895899,0.0,0.3085500061511993,-0.853548387810588,-0.8303225800395012,-0.8651612900197506,-0.8709677428007127,-0.9,-0.853548387810588,-0.9,-0.9,-0.9,-0.9,-0.9,-0.9,-0.8477419350296259,-0.9,-0.8361290328204632,-0.9,0.13338775634765632,-0.09072276949882507,-0.14344083666801455,-0.14628446102142334,0.21123307943344127,-0.17910885214805605,-0.02688072323799129,0.041276085376739546,-0.0927930057048798,0.06171923875808716,0.1157552361488342,0.09380414485931399,0.023907709121704146,0.09002920389175417,0.1342362999916077,-0.28782758116722107,0.018121433258056596,0.16170415878295896,-0.0341880261898041,0.06580231189727781
0.1722603516461857,0.5234355487586567,-0.027461664117110485,-0.4429647616333206,0.044354543539694036,0.04977938835374174,0.6596039168416908,0.7646998950413296,0.7091959060322154,-0.3779100041091442,0.5245199718475343,0.06515999659895899,0.0,0.3085500061511993,-0.853548387810588,-0.8303225800395012,-0.8651612900197506,-0.8709677428007127,-0.9,-0.853548387810588,-0.9,-0.9,-0.9,-0.9,-0.9,-0.9,-0.8477419350296259,-0.9,-0.8361290328204632,-0.9,0.13338775634765632,-0.09072276949882507,-0.14344083666801455,-0.14628446102142334,0.21123307943344127,-0.17910885214805605,-0.02688072323799129,0.041276085376739546,-0.0927930057048798,0.06171923875808716,0.1157552361488342,0.09380414485931399,0.023907709121704146,0.09002920389175417,0.1342362999916077,-0.28782758116722107,0.018121433258056596,0.16170415878295896,-0.0341880261898041,0.06580231189727781
0.1722603516461857,0.5234355487586567,-0.027461664117110485,-0.4429647616333206,0.044354543539694036,0.04977938835374174,0.6596039168416908,0.7646998950413296,0.7091959060322154,-0.3779100041091442,0.5245199718475343,0.06515999659895899,0.0,0.3085500061511993,-0.853548387810588,-0.8303225800395012,-0.8651612900197506,-0.8709677428007127,-0.9,-0.853548387810588,-0.9,-0.9,-0.9,-0.9,-0.9,-0.9,-0.8477419350296259,-0.9,-0.8361290328204632,-0.9,0.13338775634765632,-0.09072276949882507,-0.14344083666801455,-0.14628446102142334,0.21123307943344127,-0.17910885214805605,-0.02688072323799129,0.041276085376739546,-0.0927930057048798,0.06171923875808716,0.1157552361488342,0.09380414485931399,0.023907709121704146,0.09002920389175417,0.1342362999916077,-0.28782758116722107,0.018121433258056596,0.16170415878295896,-0.0341880261898041,0.06580231189727781
0.1722603516461857,0.5234355487586567,-0.027461664117110485,-0.4429647616333206,0.044354543539694036,0.04977938835374174,0.6596039168416908,0.7646998950413296,0.7091959060322154,-0.3779100041091442,0.5245199718475343,0.06515999659895899,0.0,0.3085500061511993,-0.853548387810588,-0.8303225800395012,-0.8651612900197506,-0.8709677428007127,-0.9,-0.853548387810588,-0.9,-0.9,-0.9,-0.9,-0.9,-0.9,-0.8477419350296259,-0.9,-0.8361290328204632,-0.9,0.13338775634765632,-0.09072276949882507,-0.14344083666801455,-0.14628446102142334,0.21123307943344127,-0.17910885214805605,-0.02688072323799129,0.041276085376739546,-0.0927930057048798,0.06171923875808716,0.1157552361488342,0.09380414485931399,0.023907709121704146,0.09002920389175417,0.1342362999916077,-0.28782758116722107,0.018121433258056596,0.16170415878295896,-0.0341880261898041,0.06580231189727781
0.1722603516461857,0.5234355487586567,-0.027461664117110485,-0.4429647616333206,0.044354543539694036,0.04977938835374174,0.6596039168416908,0.7646998950413296,0.7091959060322154,-0.3779100041091442,0.5245199718475343,0.06515999659895899,0.0,0.3085500061511993,-0.853548387810588,-0.8303225800395012,-0.8651612900197506,-0.8709677428007127,-0.9,-0.853548387810588,-0.9,-0.9,-0.9,-0.9,-0.9,-0.9,-0.8477419350296259,-0.9,-0.8361290328204632,-0.9,0.13338775634765632,-0.09072276949882507,-0.14344083666801455,-0.14628446102142334,0.21123307943344127,-0.17910885214805605,-0.02688072323799129,0.041276085376739546,-0.0927930057048798,0.06171923875808716,0.1157552361488342,0.09380414485931399,0.023907709121704146,0.09002920389175417,0.1342362999916077,-0.28782758116722107,0.018121433258056596,0.16170415878295896,-0.0341880261898041,0.06580231189727781
0.1722603516461857,0.5234355487586567,-0.027461664117110485,-0.4429647616333206,0.044354543539694036,0.04977938835374174,0.6596039168416908,0.7646998950413296,0.7091959060322154,-0.3779100041091442,0.5245199718475343,0.06515999659895899,0.0,0.3085500061511993,-0.853548387810588,-0.8303225800395012,-0.8651612900197506,-0.8709677428007127,-0.9,-0.853548387810588,-0.9,-0.9,-0.9,-0.9,-0.9,-0.9,-0.8477419350296259,-0.9,-0.8361290328204632,-0.9,0.13338775634765632,-0.09072276949882507,-0.14344083666801455,-0.14628446102142334,0.21123307943344127,-0.17910885214805605,-0.02688072323799129,0.041276085376739546,-0.0927930057048798,0.06171923875808716,0.1157552361488342,0.09380414485931399,0.023907709121704146,0.09002920389175417,0.1342362999916077,-0.28782758116722107,0.018121433258056596,0.16170415878295896,-0.0341880261898041,0.06580231189727781
0.1722603516461857,0.5234355487586567,-0.027461664117110485,-0.4429647616333206,0.044354543539694036,0.04977938835374174,0.6596039168416908,0.7646998950413296,0.7091959060322154,-0.3779100041091442,0.5245199718475343,0.06515999659895899,0.0,0.3085500061511993,-0.853548387810588,-0.8303225800395012,-0.8651612900197506,-0.8709677428007127,-0.9,-0.853548387810588,-0.9,-0.9,-0.9,-0.9,-0.9,-0.9,-0.8477419350296259,-0.9,-0.8361290328204632,-0.9,0.13338775634765632,-0.09072276949882507,-0.14344083666801455,-0.14628446102142334,0.21123307943344127,-0.17910885214805605,-0.02688072323799129,0.041276085376739546,-0.0927930057048798,0.06171923875808716,0.1157552361488342,0.09380414485931399,0.023907709121704146,0.09002920389175417,0.1342362999916077,-0.28782758116722107,0.018121433258056596,0.16170415878295896,-0.0341880261898041,0.06580231189727781
0.1722603516461857,0.5234355487586567,-0.027461664117110485,-0.4429647616333206,0.044354543539694036,0.04977938835374174,0.6596039168416908,0.7646998950413296,0.7091959060322154,-0.3779100041091442,0.5245199718475343,0.06515999659895899,0.0,0.3085500061511993,-0.853548387810588,-0.8303225800395012,-0.8651612900197506,-0.8709677428007127,-0.9,-0.853548387810588,-0.9,-0.9,-0.9,-0.9,-0.9,-0.9,-0.8477419350296259,-0.9,-0.8361290328204632,-0.9,0.13338775634765632,-0.09072276949882507,-0.14344083666801455,-0.14628446102142334,0.21123307943344127,-0.17910885214805605,-0.02688072323799129,0.041276085376739546,-0.0927930057048798,0.06171923875808716,0.1157552361488342,0.09380414485931399,0.023907709121704146,0.09002920389175417,0.1342362999916077,-0.28782758116722107,0.018121433258056596,0.16170415878295896,-0.0341880261898041,0.06580231189727781
0.1722603516461857,0.5234355487586567,-0.027461664117110485,-0.4429647616333206,0.044354543539694036,0.04977938835374174,0.6596039168416908,0.7646998950413296,0.7091959060322154,-0.3779100041091442,0.5245199718475343,0.06515999659895899,0.0,0.3085500061511993,-0.853548387810588,-0.8303225800395012,-0.8651612900197506,-0.8709677428007127,-0.9,-0.853548387810588,-0.9,-0.9,-0.9,-0.9,-0.9,-0.9,-0.8477419350296259,-0.9,-0.8361290328204632,-0.9,0.13338775634765632,-0.09072276949882507,-0.14344083666801455,-0.14628446102142334,0.21123307943344127,-0.17910885214805605,-0.02688072323799129,0.041276085376739546,-0.0927930057048798,0.06171923875808716,0.1157552361488342,0.09380414485931399,0.023907709121704146,0.09002920389175417,0.1342362999916077,-0.28782758116722107,0.018121433258056596,0.16170415878295896,-0.0341880261898041,0.06580231189727781
0.1722603516461857,0.5234355487586567,-0.027461664117110485,-0.4429647616333206,0.044354543539694036,0.04977938835374174,0.6596039168416908,0.7646998950413296,0.7091959060322154,-0.3779100041091442,0.5245199718475343,0.06515999659895899,0.0,0.3085500061511993,-0.853548387810588,-0.8303225800395012,-0.8651612900197506,-0.8709677428007127,-0.9,-0.853548387810588,-0.9,-0.9,-0.9,-0.9,-0.9,-0.9,-0.8477419350296259,-0.9,-0.8361290328204632,-0.9,0.13338775634765632,-0.09072276949882507,-0.14344083666801455,-0.14628446102142334,0.21123307943344127,-0.17910885214805605,-0.02688072323799129,0.041276085376739546,-0.0927930057048798,0.06171923875808716,0.1157552361488342,0.09380414485931399,0.023907709121704146,0.09002920389175417,0.1342362999916077,-0.28782758116722107,0.018121433258056596,0.16170415878295896,-0.0341880261898041,0.06580231189727781
0.1722603516461857,0.5234355487586567,-0.027461664117110485,-0.4429647616333206,0.044354543539694036,0.04977938835374174,0.6596039168416908,0.7646998950413296,0.7091959060322154,-0.3779100041091442,0.5245199718475343,0.06515999659895899,0.0,0.3085500061511993,-0.853548387810588,-0.8303225800395012,-0.8651612900197506,-0.8709677428007127,-0.9,-0.853548387810588,-0.9,-0.9,-0.9,-0.9,-0.9,-0.9,-0.8477419350296259,-0.9,-0.8361290328204632,-0.9,0.13338775634765632,-0.09072276949882507,-0.14344083666801455,-0.14628446102142334,0.21123307943344127,-0.17910885214805605,-0.02688072323799129,0.041276085376739546,-0.0927930057048798,0.06171923875808716,0.1157552361488342,0.09380414485931399,0.023907709121704146,0.09002920389175417,0.1342362999916077,-0.28782758116722107,0.018121433258056596,0.16170415878295896,-0.0341880261898041,0.06580231189727781
0.1722603516461857,0.5234355487586567,-0.027461664117110485,-0.4429647616333206,0.044354543539694036,0.04977938835374174,0.6596039168416908,0.7646998950413296,0.7091959060322154,-0.3779100041091442,0.5245199718475343,0.06515999659895899,0.0,0.3085500061511993,-0.853548387810588,-0.8303225800395012,-0.8651612900197506,-0.8709677428007127,-0.9,-0.853548387810588,-0.9,-0.9,-0.9,-0.9,-0.9,-0.9,-0.8477419350296259,-0.9,-0.8361290328204632,-0.9,0.13338775634765632,-0.09072276949882507,-0.14344083666801455,-0.14628446102142334,0.21123307943344127,-0.17910885214805605,-0.02688072323799129,0.041276085376739546,-0.0927930057048798,0.06171923875808716,0.1157552361488342,0.09380414485931399,0.023907709121704146,0.09002920389175417,0.1342362999916077,-0.28782758116722107,0.018121433258056596,0.16170415878295896,-0.0341880261898041,0.06580231189727781
0.1722603516461857,0.5234355487586567,-0.027461664117110485,-0.4429647616333206,0.044354543539694036,0.04977938835374174,0.6596039168416908,0.7646998950413296,0.7091959060322154,-0.3779100041091442,0.5245199718475343,0.06515999659895899,0.0,0.3085500061511993,-0.853548387810588,-0.8303225800395012,-0.8651612900197506,-0.8709677428007127,-0.9,-0.853548387810588,-0.9,-0.9,-0.9,-0.9,-0.9,-0.9,-0.8477419350296259,-0.9,-0.8361290328204632,-0.9,0.13338775634765632,-0.09072276949882507,-0.14344083666801455,-0.14628446102142334,0.21123307943344127,-0.17910885214805605,-0.02688072323799129,0.041276085376739546,-0.0927930057048798,0.06171923875808716,0.1157552361488342,0.09380414485931399,0.023907709121704146,0.09002920389175417,0.1342362999916077,-0.28782758116722107,0.018121433258056596,0.16170415878295896,-0.0341880261898041,0.06580231189727781
0.1722603516461857,0.5234355487586567,-0.027461664117110485,-0.4429647616333206,0.044354543539694036,0.04977938835374174,0.6596039168416908,0.7646998950413296,0.7091959060322154,-0.3779100041091442,0.5245199718475343,0.06515999659895899,0.0,0.3085500061511993,-0.853548387810588,-0.8303225800395012,-0.8651612900197506,-0.8709677428007127,-0.9,-0.853548387810588,-0.9,-0.9,-0.9,-0.9,-0.9,-0.9,-0.8477419350296259,-0.9,-0.8361290328204632,-0.9,0.13338775634765632,-0.09072276949882507,-0.14344083666801455,-0.14628446102142334,0.21123307943344127,-0.17910885214805605,-0.02688072323799129,0.041276085376739546,-0.0927930057048798,0.06171923875808716,0.1157552361488342,0.09380414485931399,0.023907709121704146,0.09002920389175417,0.1342362999916077,-0.28782758116722107,0.018121433258056596,0.16170415878295896,-0.0341880261898041,0.06580231189727781
0.1722603516461857,0.5234355487586567,-0.027461664117110485,-0.4429647616333206,0.044354543539694036,0.04977938835374174,0.6596039168416908,0.7646998950413296,0.7091959060322154,-0.3779100041091442,0.5245199718475343,0.06515999659895899,0.0,0.3085500061511993,-0.853548387810588,-0.8303225800395012,-0.8651612900197506,-0.8709677428007127,-0.9,-0.853548387810588,-0.9,-0.9,-0.9,-0.9,-0.9,-0.9,-0.8477419350296259,-0.9,-0.8361290328204632,-0.9,0.13338775634765632,-0.09072276949882507,-0.14344083666801455,-0.14628446102142334,0.21123307943344127,-0.17910885214805605,-0.02688072323799129,0.041276085376739546,-0.0927930057048798,0.06171923875808716,0.1157552361488342,0.09380414485931399,0.023907709121704146,0.09002920389175417,0.1342362999916077,-0.28782758116722107,0.018121433258056596,0.16170415878295896,-0.0341880261898041,0.06580231189727781
0.1722603516461857,0.5234355487586567,-0.027461664117110485,-0.4429647616333206,0.044354543539694036,0.04977938835374174,0.6596039168416908,0.7646998950413296,0.7091959060322154,-0.3779100041091442,0.5245199718475343,0.06515999659895899,0.0,0.3085500061511993,-0.853548387810588,-0.8303225800395012,-0.8651612900197506,-0.8709677428007127,-0.9,-0.853548387810588,-0.9,-0.9,-0.9,-0.9,-0.9,-0.9,-0.8477419350296259,-0.9,-0.8361290328204632,-0.9,0.13338775634765632,-0.09072276949882507,-0.14344083666801455,-0.14628446102142334,0.21123307943344127,-0.17910885214805605,-0.02688072323799129,0.041276085376739546,-0.0927930057048798,0.06171923875808716,0.1157552361488342,0.09380414485931399,0.023907709121704146,0.09002920389175417,0.1342362999916077,-0.28782758116722107,0.018121433258056596,0.16170415878295896,-0.0341880261898041,0.06580231189727781
0.1722603516461857,0.5234355487586567,-0.027461664117110485,-0.4429647616333206,0.044354543539694036,0.04977938835374174,0.6596039168416908,0.7646998950413296,0.7091959060322154,-0.3779100041091442,0.5245199718475343,0.06515999659895899,0.0,0.3085500061511993,-0.853548387810588,-0.8303225800395012,-0.8651612900197506,-0.8709677428007127,-0.9,-0.853548387810588,-0.9,-0.9,-0.9,-0.9,-0.9,-0.9,-0.8477419350296259,-0.9,-0.8361290328204632,-0.9,0.13338775634765632,-0.09072276949882507,-0.14344083666801455,-0.14628446102142334,0.21123307943344127,-0.17910885214805605,-0.02688072323799129,0.041276085376739546,-0.0927930057048798,0.06171923875808716,0.1157552361488342,0.09380414485931399,0.023907709121704146,0.09002920389175417,0.1342362999916077,-0.28782758116722107,0.018121433258056596,0.16170415878295896,-0.0341880261898041,0.06580231189727781
0.1722603516461857,0.5234355487586567,-0.027461664117110485,-0.4429647616333206,0.044354543539694036,0.04977938835374174,0.6596039168416908,0.7646998950413296,0.7091959060322154,-0.3779100041091442,0.5245199718475343,0.06515999659895899,0.0,0.3085500061511993,-0.853548387810588,-0.8303225800395012,-0.8651612900197506,-0.8709677428007127,-0.9,-0.853548387810588,-0.9,-0.9,-0.9,-0.9,-0.9,-0.9,-0.8477419350296259,-0.9,-0.8361290328204632,-0.9,0.13338775634765632,-0.09072276949882507,-0.14344083666801455,-0.14628446102142334,0.21123307943344127,-0.17910885214805605,-0.02688072323799129,0.041276085376739546,-0.0927930057048798,0.06171923875808716,0.1157552361488342,0.09380414485931399,0.023907709121704146,0.09002920389175417,0.1342362999916077,-0.28782758116722107,0.018121433258056596,0.16170415878295896,-0.0341880261898041,0.06580231189727781
0.1722603516461857,0.5234355487586567,-0.027461664117110485,-0.4429647616333206,0.044354543539694036,0.04977938835374174,0.6596039168416908,0.7646998950413296,0.7091959060322154,-0.3779100041091442,0.5245199718475343,0.06515999659895899,0.0,0.3085500061511993,-0.853548387810588,-0.8303225800395012,-0.8651612900197506,-0.8709677428007127,-0.9,-0.853548387810588,-0.9,-0.9,-0.9,-0.9,-0.9,-0.9,-0.8477419350296259,-0.9,-0.8361290328204632,-0.9,0.13338775634765632,-0.09072276949882507,-0.14344083666801455,-0.14628446102142334,0.21123307943344127,-0.17910885214805605,-0.02688072323799129,0.041276085376739546,-0.0927930057048798,0.06171923875808716,0.1157552361488342,0.09380414485931399,0.023907709121704146,0.09002920389175417,0.1342362999916077,-0.28782758116722107,0.018121433258056596,0.16170415878295896,-0.0341880261898041,0.06580231189727781
0.1722603516461857,0.5234355487586567,-0.027461664117110485,-0.4429647616333206,0.044354543539694036,0.04977938835374174,0.6596039168416908,0.7646998950413296,0.7091959060322154,-0.3779100041091442,0.5245199718475343,0.06515999659895899,0.0,0.3085500061511993,-0.853548387810588,-0.8303225800395012,-0.8651612900197506,-0.8709677428007127,-0.9,-0.853548387810588,-0.9,-0.9,-0.9,-0.9,-0.9,-0.9,-0.8477419350296259,-0.9,-0.8361290328204632,-0.9,0.13338775634765632,-0.09072276949882507,-0.14344083666801455,-0.14628446102142334,0.21123307943344127,-0.17910885214805605,-0.02688072323799129,0.041276085376739546,-0.0927930057048798,0.06171923875808716,0.1157552361488342,0.09380414485931399,0.023907709121704146,0.09002920389175417,0.1342362999916077,-0.28782758116722107,0.018121433258056596,0.16170415878295896,-0.0341880261898041,0.06580231189727781
0.1722603516461857,0.5234355487586567,-0.027461664117110485,-0.4429647616333206,0.044354543539694036,0.04977938835374174,0.6596039168416908,0.7646998950413296,0.7091959060322154,-0.3779100041091442,0.5245199718475343,0.06515999659895899,0.0,0.3085500061511993,-0.853548387810588,-0.8303225800395012,-0.8651612900197506,-0.8709677428007127,-0.9,-0.853548387810588,-0.9,-0.9,-0.9,-0.9,-0.9,-0.9,-0.8477419350296259,-0.9,-0.8361290328204632,-0.9,0.13338775634765632,-0.09072276949882507,-0.14344083666801455,-0.14628446102142334,0.21123307943344127,-0.17910885214805605,-0.02688072323799129,0.041276085376739546,-0.0927930057048798,0.06171923875808716,0.1157552361488342,0.09380414485931399,0.023907709121704146,0.09002920389175417,0.1342362999916077,-0.28782758116722107,0.018121433258056596,0.16170415878295896,-0.0341880261898041,0.06580231189727781
0.1722603516461857,0.5234355487586567,-0.027461664117110485,-0.4429647616333206,0.044354543539694036,0.04977938835374174,0.6596039168416908,0.7646998950413296,0.7091959060322154,-0.3779100041091442,0.5245199718475343,0.06515999659895899,0.0,0.3085500061511993,-0.853548387810588,-0.8303225800395012,-0.8651612900197506,-0.8709677428007127,-0.9,-0.853548387810588,-0.9,-0.9,-0.9,-0.9,-0.9,-0.9,-0.8477419350296259,-0.9,-0.8361290328204632,-0.9,0.13338775634765632,-0.09072276949882507,-0.14344083666801455,-0.14628446102142334,0.21123307943344127,-0.17910885214805605,-0.02688072323799129,0.041276085376739546,-0.0927930057048798,0.06171923875808716,0.1157552361488342,0.09380414485931399,0.023907709121704146,0.09002920389175417,0.1342362999916077,-0.28782758116722107,0.018121433258056596,0.16170415878295896,-0.0341880261898041,0.06580231189727781
0.1722603516461857,0.5234355487586567,-0.027461664117110485,-0.4429647616333206,0.044354543539694036,0.04977938835374174,0.6596039168416908,0.7646998950413296,0.7091959060322154,-0.3779100041091442,0.5245199718475343,0.06515999659895899,0.0,0.3085500061511993,-0.853548387810588,-0.8303225800395012,-0.8651612900197506,-0.8709677428007127,-0.9,-0.853548387810588,-0.9,-0.9,-0.9,-0.9,-0.9,-0.9,-0.8477419350296259,-0.9,-0.8361290328204632,-0.9,0.13338775634765632,-0.09072276949882507,-0.14344083666801455,-0.14628446102142334,0.21123307943344127,-0.17910885214805605,-0.02688072323799129,0.041276085376739546,-0.0927930057048798,0.06171923875808716,0.1157552361488342,0.09380414485931399,0.023907709121704146,0.09002920389175417,0.1342362999916077,-0.28782758116722107,0.018121433258056596,0.16170415878295896,-0.0341880261898041,0.06580231189727781
0.1722603516461857,0.5234355487586567,-0.027461664117110485,-0.4429647616333206,0.044354543539694036,0.04977938835374174,0.6596039168416908,0.7646998950413296,0.7091959060322154,-0.3779100041091442,0.5245199718475343,0.06515999659895899,0.0,0.3085500061511993,-0.853548387810588,-0.8303225800395012,-0.8651612900197506,-0.8709677428007127,-0.9,-0.853548387810588,-0.9,-0.9,-0.9,-0.9,-0.9,-0.9,-0.8477419350296259,-0.9,-0.8361290328204632,-0.9,0.13338775634765632,-0.09072276949882507,-0.14344083666801455,-0.14628446102142334,0.21123307943344127,-0.17910885214805605,-0.02688072323799129,0.041276085376739546,-0.0927930057048798,0.06171923875808716,0.1157552361488342,0.09380414485931399,0.023907709121704146,0.09002920389175417,0.1342362999916077,-0.28782758116722107,0.018121433258056596,0.16170415878295896,-0.0341880261898041,0.06580231189727781
0.1722603516461857,0.5234355487586567,-0.027461664117110485,-0.4429647616333206,0.044354543539694036,0.04977938835374174,0.6596039168416908,0.7646998950413296,0.7091959060322154,-0.3779100041091442,0.5245199718475343,0.06515999659895899,0.0,0.3085500061511993,-0.853548387810588,-0.8303225800395012,-0.8651612900197506,-0.8709677428007127,-0.9,-0.853548387810588,-0.9,-0.9,-0.9,-0.9,-0.9,-0.9,-0.8477419350296259,-0.9,-0.8361290328204632,-0.9,0.13338775634765632,-0.09072276949882507,-0.14344083666801455,-0.14628446102142334,0.21123307943344127,-0.17910885214805605,-0.02688072323799129,0.041276085376739546,-0.0927930057048798,0.06171923875808716,0.1157552361488342,0.09380414485931399,0.023907709121704146,0.09002920389175417,0.1342362999916077,-0.28782758116722107,0.018121433258056596,0.16170415878295896,-0.0341880261898041,0.06580231189727781
0.1722603516461857,0.5234355487586567,-0.027461664117110485,-0.4429647616333206,0.044354543539694036,0.04977938835374174,0.6596039168416908,0.7646998950413296,0.7091959060322154,-0.3779100041091442,0.5245199718475343,0.06515999659895899,0.0,0.3085500061511993,-0.853548387810588,-0.8303225800395012,-0.8651612900197506,-0.8709677428007127,-0.9,-0.853548387810588,-0.9,-0.9,-0.9,-0.9,-0.9,-0.9,-0.8477419350296259,-0.9,-0.8361290328204632,-0.9,0.13338775634765632,-0.09072276949882507,-0.14344083666801455,-0.14628446102142334,0.21123307943344127,-0.17910885214805605,-0.02688072323799129,0.041276085376739546,-0.0927930057048798,0.06171923875808716,0.1157552361488342,0.09380414485931399,0.023907709121704146,0.09002920389175417,0.1342362999916077,-0.28782758116722107,0.018121433258056596,0.16170415878295896,-0.0341880261898041,0.06580231189727781
0.1722603516461857,0.5234355487586567,-0.027461664117110485,-0.4429647616333206,0.044354543539694036,0.04977938835374174,0.6596039168416908,0.7646998950413296,0.7091959060322154,-0.3779100041091442,0.5245199718475343,0.06515999659895899,0.0,0.3085500061511993,-0.853548387810588,-0.8303225800395012,-0.8651612900197506,-0.8709677428007127,-0.9,-0.853548387810588,-0.9,-0.9,-0.9,-0.9,-0.9,-0.9,-0.8477419350296259,-0.9,-0.8361290328204632,-0.9,0.13338775634765632,-0.09072276949882507,-0.14344083666801455,-0.14628446102142334,0.21123307943344127,-0.17910885214805605,-0.02688072323799129,0.041276085376739546,-0.0927930057048798,0.06171923875808716,0.1157552361488342,0.09380414485931399,0.023907709121704146,0.09002920389175417,0.1342362999916077,-0.28782758116722107,0.018121433258056596,0.16170415878295896,-0.0341880261898041,0.06580231189727781
0.1722603516461857,0.5234355487586567,-0.027461664117110485,-0.4429647616333206,0.044354543539694036,0.04977938835374174,0.6596039168416908,0.7646998950413296,0.7091959060322154,-0.3779100041091442,0.5245199718475343,0.06515999659895899,0.0,0.3085500061511993,-0.853548387810588,-0.8303225800395012,-0.8651612900197506,-0.8709677428007127,-0.9,-0.853548387810588,-0.9,-0.9,-0.9,-0.9,-0.9,-0.9,-0.8477419350296259,-0.9,-0.8361290328204632,-0.9,0.13338775634765632,-0.09072276949882507,-0.14344083666801455,-0.14628446102142334,0.21123307943344127,-0.17910885214805605,-0.02688072323799129,0.041276085376739546,-0.0927930057048798,0.06171923875808716,0.1157552361488342,0.09380414485931399,0.023907709121704146,0.09002920389175417,0.1342362999916077,-0.28782758116722107,0.018121433258056596,0.16170415878295896,-0.0341880261898041,0.06580231189727781
