position0,position1,position2,position3,position4,position5,position6,torque0,torque1,torque2,torque3,torque4,torque5,torque6,tactile0,tactile1,tactile2,tactile3,tactile4,tactile5,tactile6,tactile7,tactile8,tactile9,tactile10,tactile11,tactile12,tactile13,tactile14,tactile15
-0.20540166835638685,-0.23771788039006259,0.4251817440523519,-0.12253374023431318,-0.8325776916773635,0.5500900774058025,-0.5321716819910167,-0.17686282934318065,0.03578946526972515,-0.2396907158821272,0.11781667640794369,-0.2491071722727185,0.02093023661989446,-0.12272721938418407,-0.9,-0.8956451604142786,-0.9,-0.9,-0.9,-0.9,-0.9,-0.9,-0.8985483871190809,-0.9,-0.9,-0.9,-0.9,-0.9,-0.9,-0.9
-0.20540166835638685,-0.23770383171922294,0.4251817440523519,-0.12253374023431318,-0.8325570086316193,0.550069291773552,-0.5321716819910167,-0.17686282934318065,0.033684187465508164,-0.242396901346856,0.1169660123456876,-0.22500003373931088,0.02093023661989446,-0.1363635727470639,-0.9,-0.8956451604142786,-0.9,-0.9,-0.9,-0.8985483868047596,-0.9,-0.9,-0.8985483871190809,-0.8985483871190809,-0.9,-0.8985483871190809,-0.9,-0.9,-0.9,-0.9
-0.20540166835638685,-0.23768978304838329,0.4251817440523519,-0.12253374023431318,-0.8325983747231078,0.5501108630380528,-0.5321716819910167,-0.1771331994966845,0.03526312973104806,-0.24123710318710856,0.1195180205440517,-0.2491071722727185,0.02616279577486813,-0.12272720634476231,-0.9,-0.8956451604142786,-0.9,-0.9,-0.9,-0.8985483868047596,-0.8985483876429499,-0.9,-0.8970967742381618,-0.8985483871190809,-0.9,-0.9,-0.9,-0.9,-0.9,-0.9087096758186818
-0.20540166835638685,-0.23770383171922294,0.4251817440523519,-0.12253374023431318,-0.832619057768852,0.5500900774058025,-0.5321716819910167,-0.1776741117401971,0.033684200335606373,-0.24394329249234303,0.11824203245646536,-0.2410714567820289,0.02093023661989446,-0.10909085298188248,-0.9,-0.9,-0.9,-0.9,-0.9,-0.9,-0.9,-0.9,-0.8985483871190809,-0.8985483871190809,-0.9,-0.9,-0.9,-0.9,-0.9,-0.9087096758186818
-0.2054696222077106,-0.23771788039006259,0.4251817440523519,-0.12253374023431318,-0.832619057768852,0.5500277205090517,-0.5321716819910167,-0.17686282934318065,0.03263155499844872,-0.24201029683959918,0.11526470023277124,-0.2491071722727185,0.010465105834556954,-0.10909085298188248,-0.9,-0.8956451604142786,-0.9,-0.9,-0.9,-0.9,-0.9,-0.9,-0.8985483871190809,-0.9,-0.9,-0.8985483871190809,-0.9,-0.9,-0.9,-0.9130645137280226
-0.20540166835638685,-0.23771788039006259,0.4251817440523519,-0.12253374023431318,-0.832619057768852,0.5500900774058025,-0.5322143894946059,-0.17740365561844074,0.03263156786854693,-0.24123710318710856,0.11654069632615538,-0.2410714567820289,0.02093023661989446,-0.11590903618303328,-0.9,-0.897096773609519,-0.9,-0.9,-0.9,-0.9,-0.9,-0.9,-0.8985483871190809,-0.9,-0.9,-0.9,-0.9,-0.9,-0.9,-0.9043548379093409
-0.20553757605903444,-0.23773192906090224,0.4251817440523519,-0.12253374023431318,-0.8325776916773635,0.5500485061413017,-0.5321716819910167,-0.17794448189370105,0.03210523232986984,-0.24394329249234303,0.11781669241953951,-0.20089288726724197,0.02616279577486813,-0.11590903618303328,-0.9,-0.8956451604142786,-0.9,-0.9,-0.9,-0.9,-0.9,-0.9,-0.9,-0.9,-0.9,-0.9,-0.9,-0.9,-0.9,-0.9043548379093409
-0.20553757605903444,-0.2377459777317419,0.4251817440523519,-0.12253374023431318,-0.8325776916773635,0.550069291773552,-0.5321716819910167,-0.17848539413721365,0.03421051013408705,-0.2427834981731013,0.11526470023277124,-0.2410714567820289,0.010465105834556954,-0.12272721938418407,-0.9,-0.897096773609519,-0.9,-0.9,-0.9,-0.8985483868047596,-0.9,-0.9,-0.8956451613572426,-0.9,-0.9,-0.9,-0.9,-0.9,-0.9,-0.9043548379093409
-0.20553757605903444,-0.2377459777317419,0.4251817440523519,-0.12253374023431318,-0.8325776916773635,0.550069291773552,-0.5321716819910167,-0.17929676250248228,0.034210497263988726,-0.2431700949993466,0.11398870413938711,-0.2491071722727185,0.010465105834556954,-0.11590903618303328,-0.9,-0.8956451604142786,-0.9,-0.9,-0.9,-0.9,-0.9,-0.9,-0.9,-0.9,-0.9,-0.9,-0.9,-0.9,-0.9,-0.9087096758186818
-0.20553757605903444,-0.23773192906090224,0.4251817440523519,-0.12253374023431318,-0.8325983747231078,0.5500277205090517,-0.5321716819910167,-0.17875585025896978,0.03263155499844872,-0.24432988931858846,0.11228739202647098,-0.2330357412913392,0.02093023661989446,-0.11590903618303328,-0.9,-0.897096773609519,-0.9,-0.9,-0.9,-0.8985483868047596,-0.9,-0.9,-0.8985483871190809,-0.9,-0.9,-0.9,-0.8956451604142786,-0.9,-0.9,-0.9130645137280226
-0.2064554717835897,-0.2377459777317419,0.4251817440523519,-0.1225212868842035,-0.832619057768852,0.5500485061413017,-0.5322143894946059,-0.18173048074115328,0.03473681993256761,-0.24085050252035745,0.11143672796421467,-0.2571428877634082,-1.2475390276378562e-08,-0.12272721938418407,-0.9,-0.8985483868047596,-0.9,-0.9,-0.9,-0.9,-0.9,-0.9,-0.8956451613572426,-0.9,-0.9,-0.8985483871190809,-0.9,-0.9,-0.9,-0.9043548379093409
-0.20829178196439013,-0.23778804346614169,0.4251817440523519,-0.12253374023431318,-0.8325983747231078,0.5500277205090517,-0.5322143894946059,-0.17226533317808113,0.03736840753526516,-0.24007730886786682,0.11313805608872685,-0.2491071722727185,0.005232540441888367,-0.12272721938418407,-0.9,-0.8956451604142786,-0.9,-0.9,-0.9,-0.9,-0.9,-0.9,-0.8970967742381618,-0.9,-0.9,-0.9,-0.9,-0.9,-0.9,-0.9043548379093409
-0.2084956435183607,-0.23780206537760828,0.4251817440523519,-0.12253374023431318,-0.832619057768852,0.5500485061413017,-0.5322570969981949,-0.17524017858089536,0.03789470446364751,-0.24123710318710856,0.10760874768986028,-0.2330357412913392,0.005232540441888367,-0.12272721938418407,-0.9,-0.8985483868047596,-0.9,-0.9,-0.9,-0.9,-0.9,-0.9,-0.8985483871190809,-0.8970967742381618,-0.9,-0.9,-0.9,-0.9,-0.9,-0.9174193516373634
-0.2084956435183607,-0.23780206537760828,0.4251817440523519,-0.12253374023431318,-0.832619057768852,0.5500277205090517,-0.5322570969981949,-0.17524009261264306,0.038947349800805275,-0.2423968975063503,0.10931006780857466,-0.2571428877634082,0.010465105834556954,-0.12954540258533487,-0.9,-0.8956451604142786,-0.9,-0.9,-0.9,-0.9,-0.8985483876429499,-0.9,-0.8985483871190809,-0.9,-0.9,-0.9,-0.9,-0.9,-0.9,-0.9130645137280226
-0.20852962044402257,-0.23780206537760828,0.4251817440523519,-0.12253374023431318,-0.8325983747231078,0.5500277205090517,-0.5322998045017839,-0.17686282934318065,0.03526314260114627,-0.2427834943325956,0.10760875569565809,-0.2491071722727185,0.015697671227225762,-0.11590903618303328,-0.9,-0.897096773609519,-0.8985483868047596,-0.9,-0.9,-0.9,-0.9,-0.9,-0.8956451613572426,-0.8985483871190809,-0.9,-0.9,-0.9,-0.9,-0.9,-0.9043548379093409
-0.2084956435183607,-0.23781608728907488,0.4251817440523519,-0.12253374023431318,-0.832619057768852,0.5500277205090517,-0.5322998045017839,-0.17578109082440785,0.03263155499844872,-0.2431700949993466,0.10973540784550051,-0.2571428877634082,0.010465105834556954,-0.11590903618303328,-0.9,-0.897096773609519,-0.9,-0.9,-0.9,-0.9,-0.9,-0.9,-0.8970967742381618,-0.9,-0.9,-0.9,-0.9,-0.9,-0.9,-0.9043548379093409
-0.2084956435183607,-0.23783010920054148,0.4251817440523519,-0.1225212868842035,-0.8325983747231078,0.5500277205090517,-0.5322998045017839,-0.17578100485615555,0.0331578776670276,-0.2427834943325956,0.10931008382017027,-0.2571428877634082,0.005232552917278421,-0.12272721938418407,-0.9,-0.897096773609519,-0.9,-0.9,-0.9,-0.8985483868047596,-0.9,-0.9,-0.8985483871190809,-0.9,-0.9,-0.9,-0.9,-0.9,-0.9,-0.9043548379093409
-0.2084956435183607,-0.2378441311120082,0.4251817440523519,-0.12253374023431318,-0.832619057768852,0.5500277205090517,-0.5322143894946059,-0.1744289821521312,0.03315786479692928,-0.24432988931858846,0.10888475178904222,-0.2491071722727185,-1.2475390276378562e-08,-0.14318174290879304,-0.9,-0.8956451604142786,-0.9,-0.9,-0.9,-0.9,-0.9,-0.9,-0.8970967742381618,-0.9,-0.9,-0.9,-0.8956451604142786,-0.9,-0.9,-0.9043548379093409
-0.2084956435183607,-0.23785815302347468,0.4251817440523519,-0.12253374023431318,-0.832619057768852,0.5500277205090517,-0.5322998045017839,-0.17415852603037496,0.034210497263988726,-0.24471648614483377,0.10888475178904222,-0.2491071722727185,0.015697671227225762,-0.11590903618303328,-0.9,-0.894193547219038,-0.9,-0.9,-0.9,-0.9,-0.9,-0.9,-0.8985483871190809,-0.9,-0.9,-0.9,-0.9,-0.9,-0.9,-0.9087096758186818
-0.20842768966703684,-0.2378861968464081,0.4251817440523519,-0.12253374023431318,-0.832619057768852,0.5500277205090517,-0.5323425120053731,-0.1733473296016107,0.028947347798789935,-0.24394329249234303,0.10888475178904222,-0.2571428877634082,0.01046511830994723,-0.11590903618303328,-0.9,-0.8956451604142786,-0.9,-0.9,-0.9,-0.8985483868047596,-0.9,-0.9,-0.8970967742381618,-0.8985483871190809,-0.9,-0.9,-0.9,-0.9,-0.9,-0.9087096758186818
-0.20842768966703684,-0.23785815302347468,0.4251817440523519,-0.12253374023431318,-0.8326190972403134,0.5500277205090517,-0.5323425120053731,-0.1722655051145856,0.03421051013408705,-0.2454896759568187,0.10973540784550051,-0.2571428877634082,0.005232552917278421,-0.13636358578648555,-0.9,-0.897096773609519,-0.9,-0.9,-0.9,-0.9,-0.9,-0.9,-0.8985483871190809,-0.9,-0.9,-0.9,-0.9,-0.9,-0.9,-0.9087096758186818
-0.20839371274137497,-0.2378721749349414,0.4251817440523519,-0.12253374023431318,-0.832619057768852,0.5500277205090517,-0.5323425120053731,-0.17226541914633342,0.0331578776670276,-0.24664947411656613,0.11101141194468245,-0.2571428877634082,0.005232540441888367,-0.12272721938418407,-0.9014516131952405,-0.897096773609519,-0.9,-0.9,-0.9,-0.9,-0.9,-0.9,-0.8970967742381618,-0.9,-0.9,-0.8985483871190809,-0.9,-0.9,-0.9,-0.9087096758186818
-0.20839371274137497,-0.23783010920054148,0.4251817440523519,-0.12253374023431318,-0.8325983747231078,0.5500277205090517,-0.5323425120053731,-0.1733472436333584,0.05842101826615864,-0.2489690627550496,0.11186205999534271,-0.2571428877634082,0.010465105834556954,-0.14318174290879304,-0.9,-0.8956451604142786,-0.9,-0.9,-0.9,-0.8985483868047596,-0.9,-0.9,-0.9,-0.9,-0.9,-0.9,-0.8956451604142786,-0.9,-0.9,-0.9043548379093409
-0.20829178196439013,-0.23045056986314816,0.4253139221816583,-0.12248392683387477,-0.8326605028032632,0.5499029992814898,-0.5323425120053731,-0.19876775495150867,0.2705262866323038,-0.34677834495266957,0.1318526014119773,-0.23303574526066984,0.02616279577486813,-0.1363635727470639,-0.9,-0.8956451604142786,-0.9,-0.9,-0.9,-0.8985483868047596,-0.9,-0.9,-0.8970967742381618,-0.8985483871190809,-0.9,-0.9,-0.9,-0.9,-0.902903226390481,-0.9043548379093409
-0.20822356874722225,-0.191448221728165,0.42531391430265664,-0.12131293166860535,-0.8326812253204688,0.5499029992814898,-0.5323428380168506,-0.16658635639896568,0.32999998884591475,-0.35219071300174787,0.17353503638715206,-0.2008928912365726,0.047093019919372314,-0.13636358578648555,-0.902903226390481,-0.897096773609519,-0.8985483868047596,-0.9,-0.9,-0.9,-0.9,-0.9,-0.9,-0.8985483871190809,-0.9,-0.9,-0.9,-0.9,-0.9058064527809621,-0.9174193516373634
-0.20784956319909853,-0.108154348063625,0.42509910908453075,-0.11686461402219772,-0.8326605028032632,0.5499445705459903,-0.5323855455204396,-0.08680859197280044,0.10473682751162527,-0.2396907120416215,0.15652179517102016,-0.2491071722727185,-0.0052325591549736705,-0.11590902314361162,-0.9043548391666264,-0.8985483859665692,-0.8985483868047596,-0.9000000008381903,-0.9,-0.8985483868047596,-0.9,-0.9,-0.8956451613572426,-0.8970967742381618,-0.9,-0.9,-0.9,-0.9174193482846021,-0.911612905561924,-0.9174193516373634
-0.20764570164512874,-0.0030163700464499454,0.42506607243120575,-0.10948814301642762,-0.832619057768852,0.5499445705459903,-0.5321716819910173,-0.11601531705903378,0.02526312772903283,-0.22461339549274317,0.08123824181790118,-0.2491071722727185,0.005232552917278421,-0.14318176898763646,-0.902903226390481,-0.8985483859665692,-0.897096773609519,-0.9014516140334309,-0.9,-0.9,-0.9,-0.9,-0.8970967742381618,-0.8970967742381618,-0.901451612985693,-0.8985483871190809,-0.9,-0.9,-0.908709679171443,-0.9130645137280226
-0.20788328075891593,0.09517688168566207,0.4249669309552241,-0.10722030240409874,-0.8325984141945691,0.5498822086931995,-0.5322998045017839,-0.03461520275946628,-0.0610526509142002,-0.1770618437658552,0.09655015490952079,-0.2571428857787429,0.031395342454451414,-0.11590903618303328,-0.8898387109860778,-0.8767741905525327,-0.8840322582051158,-0.876774193905294,-0.8883870961144567,-0.8883870961144567,-0.891290323343128,-0.8898387093096972,-0.9,-0.9,-0.9029032259713858,-0.9014516128809191,-0.9391935487277806,-0.9667741893790662,-0.9464516138657928,-0.9624193544033915
-0.2079857302675906,0.16894463262725756,0.42503302001987764,-0.1069835936882747,-0.8327019478376745,0.5496951206568067,-0.5324282530240287,0.004868038255108176,-0.03263160004379273,-0.21301545806108446,0.12079400062584,-0.2330357412913392,0.1151162733397918,-0.10909085298188248,-0.8811290334910155,-0.821612897515297,-0.8375806426629424,-0.7548387072980404,-0.6111290261149407,-0.595161285996437,-0.6662903308868409,-0.666290320828557,-0.9,-0.9014516128809191,-0.9029032259713858,-0.9,-0.9870967749506235,-1.0335483837872743,-0.9987096771597862,-1.0161290338262916
-0.20805368411891356,0.22523144850716126,0.4251652139071872,-0.10695868698805533,-0.8327019478376745,0.549383318826912,-0.5325139940426844,0.01406277268055034,0.043684183032474344,-0.28840205424724563,0.13227794144890315,-0.20892860275793146,0.2040697602612579,-0.10227266978073168,-0.8985483876429499,-0.8303225783631206,-0.8317741898819805,-0.70403226390481,-0.08419356197118755,-0.02467741593718531,-0.20467742197215555,-0.18145162761211397,-0.9,-0.9014516128809191,-0.9029032259713858,-0.9,-0.9870967749506235,-1.0335483837872743,-0.9987096771597862,-1.0161290338262916
-0.20805368411891356,0.25829927682794385,0.4251652139071872,-0.1069835936882747,-0.8327019478376745,0.5488220671078338,-0.5325139940426844,0.03569728515124826,0.001578922960392637,-0.2652061793839281,0.13482992562987361,-0.16875003324314453,0.28779068646832695,-0.09545448657958089,-0.910161291109398,-0.8419354755431414,-0.836129029467702,-0.7054838754236699,0.10596772134304044,0.17419353649020197,-0.02177422307431698,0.011612905561923959,-0.9,-0.9,-0.901451612985693,-0.9,-0.9870967749506235,-1.0335483837872743,-0.9987096771597862,-1.0190322595881298
-0.2077813499819311,0.2635042692349717,0.42538001124631164,-0.10699604703838428,-0.8328053630663959,0.5476371968608463,-0.5325139940426844,0.020282747671430568,0.17473680935048674,-0.3552834998533225,0.15056716274682336,-0.12857147166701888,0.29302324484358866,-0.10227266978073168,-0.9130645166616888,-0.8462903201580048,-0.8390322525054217,-0.7083870984613896,0.12193544805049894,0.19161287471652033,-0.005806496366858482,0.029032270610332533,-0.9,-0.9014516128809191,-0.9029032259713858,-0.9,-0.9870967749506235,-1.045161285996437,-1.0016129027120768,-1.021935485349968
-0.2075092752107922,0.2628448647648184,0.4253965335124751,-0.1069835936882747,-0.8328053630663959,0.544893297640226,-0.5325139940426844,0.02325742113774021,0.13263154927840526,-0.334407209067888,0.1475898545405231,-0.1446428947097369,0.26162789537173003,-0.10227266978073168,-0.9159677422139794,-0.8477419350296259,-0.8419354755431414,-0.7127419330179692,0.12193544805049894,0.19016126319766047,-0.005806496366858482,0.029032270610332533,-0.9,-0.9014516128809191,-0.901451612985693,-0.9,-0.9870967749506235,-1.0509677371010184,-1.0045161282643675,-1.021935485349968
-0.2071355290285134,0.2576679295604104,0.4253965335124751,-0.10683405842321803,-0.8328053630663959,0.543313475600283,-0.5324711235333566,0.05192336293283939,0.06894735580685107,-0.29304123152421246,0.170983036194586,-0.16071431775245482,0.20406976338010552,-0.0749999369761285,-0.9174193549901247,-0.8477419350296259,-0.8419354755431414,-0.714193544536829,0.12048383653163908,0.18725804015994074,-0.008709719404578209,0.02322582453489308,-0.9,-0.9014516128809191,-0.9029032259713858,-0.9,-0.9914516136981547,-1.0509677371010184,-1.0074193538166583,-1.021935485349968
-0.20628610588697038,0.24525172765202108,0.4254461003109652,-0.10054169432317372,-0.8327846800206515,0.543313475600283,-0.5309326753697241,0.09384036517021088,0.06105261230390546,-0.2768041168155868,0.21351612722621882,-0.15267860623109586,0.14651161891309072,-0.006818131043464071,-0.9159677422139794,-0.8462903201580048,-0.8404838640242815,-0.7127419330179692,0.10741933286190031,0.17419353649020197,-0.02612905763089657,0.0029032096266746743,-0.9,-0.9,-0.9,-0.9,-0.9914516136981547,-1.0567741882055999,-1.0074193538166583,-1.0248387111118062
-0.2058436277558343,0.23341071846686623,0.42551219725461975,-0.06914204550975944,-0.8217544985624496,0.5431471756741605,-0.5284968806135102,0.1600964410958431,0.08842103070725371,-0.2814432921723009,0.2862477124099635,-3.175464546867346e-08,0.15697673722303807,0.08863644681206873,-0.8927419365383685,-0.7998387046158314,-0.7998387046158314,-0.6416128948330879,0.10161288678646085,0.15822580978274348,-0.042096784338355064,-0.040645189583301544,-0.9,-0.9014516128809191,-0.9029032259713858,-0.8970967742381618,-0.9914516136981547,-1.0567741882055999,-1.010322579368949,-1.0277419368736447
-0.20553757605903356,0.22836007412346315,0.4255948243434392,-0.008323876251514317,-0.7803450279379006,0.542232540948607,-0.5290524041716426,0.14873822963285532,0.08315786193690744,-0.2814432912121745,0.2403119651293063,0.056249972710851415,0.21976743460733117,0.17727277626934212,-0.8216129008680583,-0.6299999993294478,-0.6459677394479513,-0.35999999865889554,0.14225808978080756,0.16983870193362238,-0.03629033826291561,-0.11612904220819475,-0.9,-0.9,-0.9,-0.8970967742381618,-0.9870967749506235,-1.0567741882055999,-1.010322579368949,-1.0277419368736447
-0.20557155298469598,0.21946528528836573,0.425941807690872,0.06283637248593366,-0.7436331348708259,0.5407566569819952,-0.5303771518115918,0.1546878344702317,0.023157869229963213,-0.23930411329512324,0.22287339988784416,0.1526785347831433,0.24593022414450416,0.2590909877225732,-0.7345161326229572,-0.4166128981858492,-0.44854837842285633,-0.04064518287777896,0.18145162761211397,0.16403225585818293,-0.03919356130063534,-0.19741936773061752,-0.9,-0.9,-0.9,-0.8956451613572426,-0.9958064524456859,-1.0567741882055999,-1.010322579368949,-1.0277419368736447
-0.205537576059034,0.19181289846378868,0.4260078967555253,0.13220238817018337,-0.7365969916431023,0.5403824833872296,-0.5336247151474716,0.1292670222631983,0.0384210400023246,-0.22306700050675043,0.2441399534094585,0.13660709586310282,0.21976743148848354,0.28636366836948957,-0.6430645130574704,-0.17129031680524354,-0.21629035435616972,0.2540322773158551,0.20903224647045138,0.14370969459414484,-0.05370967648923397,-0.25112903416156773,-0.9,-0.9,-0.9,-0.8956451613572426,-1.000161291193217,-1.0567741882055999,-1.010322579368949,-1.0277419368736447
-0.20519780680241662,0.1471005282746226,0.4261235762556731,0.19417928937107087,-0.7356244148355857,0.5403824833872296,-0.5346930547601481,0.020012205581421916,0.12052628234227092,-0.2806700946793045,0.10463143948356002,0.0803571072749284,0.14651161891309072,0.21136373139336107,-0.6096774347126483,-0.08129033558070664,-0.12919351570308213,0.3367741607129574,0.21338708102703097,0.13064519092440607,-0.06532256864011288,-0.2700000241398811,-0.9,-0.9,-0.9,-0.8956451613572426,-1.000161291193217,-1.0509677371010184,-1.010322579368949,-1.0277419368736447
-0.20485803754579934,0.10679341987017221,0.4261235762556731,0.25205694698358505,-0.7340309124696662,0.5404448477180407,-0.5332830551187604,-0.08707913406280898,0.059473657168267136,-0.28376287889053153,-0.020841149438305173,-0.01607146273602489,0.11511627645863942,0.027272798001711562,-0.6212903268635273,-0.1103225659579039,-0.16548388414084914,0.29467742666602137,0.19016129672527315,0.1291935794055462,-0.07693550102412705,-0.2670968011021614,-0.9,-0.9,-0.901451612985693,-0.8985483871190809,-1.000161291193217,-1.0567741882055999,-1.010322579368949,-1.0277419368736447
-0.204450314437859,0.07758371781349149,0.4261235762556731,0.30468879722396947,-0.7202691085291515,0.5405695739016424,-0.531787151452979,-0.19579316745345132,0.08578944953960521,-0.29961339197227965,-0.08634210210157,-0.0321428937174042,0.052325579074345985,-0.10909085298188248,-0.6532258003950119,-0.2046774353832006,-0.27145161889493463,0.15822583660483358,0.1248387247323991,0.08419356867671013,-0.1204838868230581,-0.2801613181829452,-0.9,-0.9,-0.9,-0.8985483871190809,-1.000161291193217,-1.0567741882055999,-1.010322579368949,-1.0277419368736447
-0.20424619351804396,0.06076224074069936,0.42607400157818176,0.34984454965770684,-0.6643735326484247,0.5406527189086635,-0.5305481448316858,-0.25745170422985775,0.02526313416408188,-0.2644329799706788,-0.19777877902882313,-0.14464289867906766,-0.005232577868058863,-0.17045446267397446,-0.7040322605520487,-0.35129033289849754,-0.43548387475311756,-0.0972580723464489,-0.04064517617225649,-0.07403227463364603,-0.2583871018141508,-0.39483870863914494,-0.9,-0.9,-0.901451612985693,-0.9,-1.0045161299407481,-1.0567741882055999,-1.010322579368949,-1.021935485349968
-0.20417798030087564,0.05185345675350794,0.4259583299570352,0.3842595252812512,-0.6410716343869056,0.5408398019890165,-0.5296506352333645,-0.27340732588969263,-0.08157896471671133,-0.2076030794506155,-0.23946119398950305,-0.24107145876669422,-0.06279069738429333,-0.1977272345968426,-0.8158064514398575,-0.7083870959468186,-0.7562903246842325,-0.6779032297432422,-0.5733871048316359,-0.580645177513361,-0.643064514733851,-0.689516131952405,-0.8985483871190809,-0.8941935485810973,-0.9000000004190952,-0.8927419353858568,-0.9958064524456859,-1.0451612851582468,-1.0045161282643675,-1.0190322595881298
-0.20407604952389036,0.04669053008088009,0.4259913823683633,0.4111237780612317,-0.6407197857804852,0.5407982257684759,-0.5281123500754719,-0.2958532067256593,-0.06263159961478937,-0.223840196079494,-0.2700850161698438,-0.23303574327600451,-0.03662791408481536,-0.19090903835627027,-0.9174193554092199,-0.9029032251331955,-0.894193547219038,-0.8970967757049948,-0.8680645164102316,-0.8680645164102316,-0.8637096801772713,-0.8738709658384324,-0.8941935483715497,-0.8825806455337443,-0.8927419357001781,-0.8782258064718917,-0.9696774207986891,-1.021935479901731,-0.9899999988265336,-1.010322582302615
-0.20427991107786092,0.04575052682515646,0.4259913823683633,0.42683600828617785,-0.6406576577003298,0.5407566545039754,-0.5271722959793008,-0.352373678966463,-0.07052633668268582,-0.22538658338447537,-0.3262286851635112,-0.2410714567820289,-0.04709303239476259,-0.23181812452375317,-0.9072580653475598,-0.8927419348619878,-0.8883870961144567,-0.8927419365383685,-0.8724193551577628,-0.8782258087769151,-0.8738709691911936,-0.8854838747531176,-0.8941935483715497,-0.8898387099383399,-0.8970967744477093,-0.8898387097287923,-0.97403225870803,-1.0393548348918558,-0.9929032260552049,-1.0161290338262916
-0.22488134012602867,0.04527356776030722,0.42602443477969165,0.42662420627057307,-0.6406369746545855,0.540486421460561,-0.5271295884757122,-0.4437798530726152,-0.06315791584831909,-0.24974225640754022,-0.3989602523342105,-0.2410714567820289,-0.026162802012563158,-0.2590908442889347,-0.9101612904807553,-0.8956451595760883,-0.8927419348619878,-0.8970967752858997,-0.8753225798718631,-0.8825806483626366,-0.8767741922289133,-0.8883871011435985,-0.8970967742381618,-0.891290322819259,-0.8985483872238547,-0.8898387097287923,-0.9827419362030924,-1.0335483837872743,-0.9900000005029143,-1.0161290338262916
-0.29599997348704676,0.04517533410192187,0.42597485222319864,0.41316717318036333,-0.640657697171791,0.540340909644709,-0.5271722959793008,-0.3453423356103139,-0.09263159275073696,-0.22074741186826696,-0.4002362514297688,-0.24910717028805318,-0.03662791408481536,-0.23863630772490407,-0.9145161295426079,-0.9029032242950052,-0.8970967727713287,-0.9029032268095761,-0.8767741922289133,-0.8825806483626366,-0.8767741922289133,-0.8883871011435985,-0.8927419354906306,-0.891290322819259,-0.895645161671564,-0.8912903226097114,-0.9783870974555612,-1.0335483837872743,-0.9929032260552049,-1.0161290338262916
-0.38377689695856076,0.04532965540617373,0.4258591963600554,0.3883091455966684,-0.6407819138606405,0.5402369765274176,-0.5273859965029838,-0.1446813878065114,-0.12789474500445708,-0.1662371038271928,-0.23265590450812346,-0.20892859878860082,-0.05232559154973626,-0.16363631859108874,-0.9290322583517991,-0.9232258050469682,-0.9116129017900676,-0.9145161298569292,-0.8767741922289133,-0.8825806483626366,-0.8796774186193943,-0.8883871011435985,-0.8695161290816031,-0.8491935482248664,-0.8738709679339082,-0.8637096785008908,-0.9827419362030924,-1.045161285996437,-1.0016129027120768,-1.0248387111118062
-0.44813023162522664,0.04530161158324042,0.4259087631585453,0.3700424575793896,-0.6406991027347408,0.5400706790793152,-0.5267452209434116,-0.14927862606685405,-0.10052633625368257,-0.1902061742632538,-0.245415827914787,-0.22500002580064948,-0.02616279577486813,-0.22499995436202413,-0.9348387099802494,-0.9348387078847736,-0.9232258044183255,-0.9290322584565729,-0.8767741922289133,-0.8782258087769151,-0.8782258054241538,-0.8811290334910155,-0.7388709671795368,-0.6387096705380828,-0.7620967766270041,-0.7185483845416456,-0.9914516136981547,-1.0567741882055999,-1.010322579368949,-1.0277419368736447
-0.4798483401450487,0.04685887329659866,0.4259583299570352,0.3579436001610591,-0.6407405082976907,0.5399875315942738,-0.5261469898816906,-0.22040252532696347,0.006842085295689526,-0.25940720538740336,-0.2858222537871561,-0.22500002580064948,-0.026162802012563158,-0.26590904052950715,-0.9348387099802494,-0.9406451594084502,-0.9232258044183255,-0.9348387099802494,-0.8767741922289133,-0.8738709691911936,-0.8753225807100534,-0.8666129015386105,-0.5559677481651306,-0.35999999740161004,-0.6024193536490202,-0.5327419357839972,-1.000161291193217,-1.0567741882055999,-1.010322579368949,-1.0277419368736447
-0.4825000965417314,0.0618284947183686,0.4259583299570352,0.3437888942734869,-0.6406991027347408,0.5398212341461713,-0.5252923507926972,-0.26826904643345895,0.06210523833591575,-0.27487112116284307,-0.3007088328461983,-0.21696431427929053,-0.005232565392668698,-0.2727271976518145,-0.9348387099802494,-0.9406451594084502,-0.9232258044183255,-0.9348387099802494,-0.8709677428007127,-0.8535483844578267,-0.8622580653056503,-0.8477419350296259,-0.4122580669820309,-0.18725809254683556,-0.48048387207090854,-0.42967741736210885,-1.0045161299407481,-1.0567741882055999,-1.010322579368949,-1.0277419368736447
-0.48171810851982244,0.09026653673504403,0.42592528542470853,0.3196783528875927,-0.6406784196889965,0.5396757223303194,-0.5246939567252364,-0.2131007688331844,-0.016315809674469994,-0.26752576706228515,-0.30155949540736726,-0.2410714567820289,0.015697671227225762,-0.32045449309929175,-0.9348387099802494,-0.9406451594084502,-0.9246774174040183,-0.9348387099802494,-0.8520967746153474,-0.8129032284021378,-0.8303225817158818,-0.7867741908878089,-0.17274194508790974,0.040645157312974356,-0.29903225786983967,-0.3077419424895197,-1.0045161299407481,-1.0567741882055999,-1.010322579368949,-1.0277419368736447
-0.4560172875981048,0.13475444930325275,0.42599137448936186,0.27816097502443105,-0.6407405082976907,0.5395094273602369,-0.523198379070933,-0.0935694362230669,0.025789456832660762,-0.29420102296307493,-0.25434777454963253,-0.21696431427929053,0.03662791408481536,-0.36136357926677476,-0.9348387099802494,-0.9406451594084502,-0.9261290303897113,-0.9348387099802494,-0.8114516085013748,-0.743225808441639,-0.7751612886786461,-0.6967741928994655,0.07112901806831362,0.23806449822150177,-0.11467740722000597,-0.20612905570305884,-1.0045161299407481,-1.0567741882055999,-1.010322579368949,-1.0277419368736447
-0.3636514042355017,0.1941418202171522,0.4259913823683633,0.22513042745305623,-0.640761191343435,0.5394678560957363,-0.5211899853620847,-0.048948087688763575,0.06368419347155396,-0.2942010224830117,-0.2045840685102026,-0.1848214602551932,0.03662791408481536,-0.31363630989814095,-0.9348387099802494,-0.9406451594084502,-0.9261290303897113,-0.9348387099802494,-0.7693548392504453,-0.6764516048133373,-0.7243548385798931,-0.6256451681256294,0.13064514398574822,0.23951610974036164,-0.10016126520931723,-0.25258066453970973,-1.0045161299407481,-1.0567741882055999,-1.010322579368949,-1.0277419368736447
-0.23803767260076458,0.2618908663570013,0.42602443477969165,0.17153909887178342,-0.6407818743891793,0.5394886417279866,-0.5212326928656738,-0.09356952219131931,0.0742104988370007,-0.32242267384985757,-0.2301039163242542,-0.16071432172178557,0.02616279577486813,-0.2727271976518145,-0.9348387099802494,-0.9406451594084502,-0.9290322563610971,-0.9348387099802494,-0.7040322571992874,-0.5632258124649525,-0.6358064521104098,-0.5124193623661994,0.17129032015800483,0.20612904480658478,-0.11903221495449545,-0.3309677267912775,-1.0045161299407481,-1.0567741882055999,-1.010322579368949,-1.0277419368736447
-0.14033404015329087,0.3289804946470104,0.4258922408923821,0.12329329952725854,-0.6407197857804852,0.5393015536915938,-0.5208054548240469,-0.18984356261607505,0.04842102752547939,-0.32976802915057346,-0.279442294335455,-0.18482146422452395,0.06279069738429321,-0.31363630337843007,-0.9348387099802494,-0.9406451594084502,-0.9290322563610971,-0.9348387099802494,-0.5545161232352257,-0.3106451667845249,-0.44419355057179927,-0.28451613932847974,0.24241936504840844,0.15096772662363944,-0.13354843743145461,-0.41225805231370033,-1.0045161299407481,-1.0567741882055999,-1.010322579368949,-1.0277419368736447
-0.0917885349921983,0.39085110861852523,0.42564438326292764,0.08704654067270468,-0.6408439629978735,0.5390313231261997,-0.5201645162587358,-0.07004190283657985,0.0557894435335593,-0.37074741778904663,-0.2152173385161179,-0.13660718318837795,0.15174417183036926,-0.37499994566907635,-0.9348387099802494,-0.9406451594084502,-0.9290322563610971,-0.9348387099802494,-0.38032258003950115,-0.0450000040233135,-0.23225806765258317,-0.03774192631244655,0.3135484099388123,0.11758063486777248,-0.12483868785202501,-0.4195161367300898,-1.0045161299407481,-1.0567741882055999,-1.010322579368949,-1.0277419368736447
-0.05697697004209168,0.44709583200465597,0.41434233379106267,0.06816935330883078,-0.6408232799521293,0.5388234519355769,-0.5181132520405598,-0.08870174184096813,0.09052628920632344,-0.43337628510468645,-0.2683836900467811,-0.16071432172178557,0.1569767403418857,-0.39545449527252863,-0.9348387099802494,-0.9406451594084502,-0.9290322563610971,-0.9348387099802494,-0.2874193757772445,0.08564512655138967,-0.11758063696324828,0.08419350832700734,0.3512903094291687,0.11177418879233303,-0.10887093432247641,-0.4064516062382609,-1.0045161299407481,-1.0567741882055999,-1.010322579368949,-1.0277419368736447
-0.028148975130273035,0.4897318621624692,0.37921345101036474,0.06044409343624979,-0.6407819138606405,0.5388650256780972,-0.5147375661939145,-0.09627386848825115,-0.03052632867462468,-0.33479380685425975,-0.28837424147066293,-0.17678574873383424,0.09941859899371841,-0.39545449527252863,-0.9348387099802494,-0.9406451594084502,-0.9290322563610971,-0.9348387099802494,-0.30193549096584316,0.07112901136279104,-0.1320967521518469,0.07258061617612843,0.3570967555046082,0.11903224638663235,-0.10306448824703696,-0.40354838320054115,-1.000161291193217,-1.0567741882055999,-1.010322579368949,-1.0277419368736447
-0.008703280286293413,0.5201200068682391,0.3430435945503644,0.05978368562547498,-0.6407198252519464,0.5389481731631386,-0.5106782342783687,-0.13332300440701916,-0.07736844128352294,-0.2396907120416215,-0.33473530120577055,-0.22500002580064948,0.04186047323978903,-0.40227267847367953,-0.9348387099802494,-0.9406451594084502,-0.9290322563610971,-0.9348387099802494,-0.32225805222988124,0.04935483857989309,-0.152419313415885,0.05516127794981007,0.3512903094291687,0.1248386924620718,-0.10016126520931723,-0.40354838320054115,-1.0045161299407481,-1.0567741882055999,-1.010322579368949,-1.0277419368736447
-0.005983829404132224,0.5383865569829699,0.3158955414936585,0.059671605474488576,-0.6406991027347408,0.5390105374939497,-0.4985851645216929,-0.10898418862351555,-0.06473686454890826,-0.2520618450460237,-0.3181473990883852,-0.22500002580064948,0.04186046700209389,-0.4090908616748303,-0.9348387099802494,-0.9406451594084502,-0.9290322563610971,-0.9348387099802494,-0.35419353246688845,0.007258050888776735,-0.19161293171346183,0.014516128599643685,0.34258064031600954,0.12774191549979153,-0.10596771128475668,-0.4064516062382609,-1.0045161299407481,-1.0567741882055999,-1.010322579368949,-1.0277419368736447
-0.004725905057115121,0.5517147049444632,0.28825179681504853,0.05963424542415974,-0.6406991027347408,0.5395717892130275,-0.4900392626489742,-0.14170645643544488,0.013684177026428435,-0.2640463831444335,-0.3224007072658781,-0.2330357412913392,0.04709302615706745,-0.42272722807713187,-0.9348387099802494,-0.9406451594084502,-0.9290322563610971,-0.9348387099802494,-0.37887095510959623,-0.03483873680233951,-0.22645160816609855,-0.023225851356983185,0.3280645251274109,0.12774191549979153,-0.11177415736019614,-0.41225805231370033,-1.000161291193217,-1.0567741882055999,-1.013225805235561,-1.0277419368736447
-0.004420112726160053,0.5657583584016627,0.24056507778605518,0.05958433695997978,-0.640657697171791,0.5448309333094151,-0.4899536846360579,-0.10303466975439157,-0.07736843484847378,-0.15231957583679767,-0.31049144329311884,-0.2651785982924345,-0.0313953549298418,-0.38863631207137794,-0.9348387099802494,-0.9406451594084502,-0.9304838692420162,-0.9348387099802494,-0.46741936504840853,-0.17709677293896675,-0.3396774273365736,-0.15532258003950117,0.2801613181829453,0.13790322295390067,-0.12193546481430528,-0.404999994719401,-1.0045161299407481,-1.0567741882055999,-1.010322579368949,-1.0277419368736447
-0.004691928131452805,0.5730958320046563,0.19504293320448662,0.0591606378650289,-0.640699142206202,0.545641632439657,-0.49166279980830513,0.006220232895637112,-0.19263159990079148,-0.009278339191911011,-0.2122400220538384,-0.25714288478641023,-0.08372094024188281,-0.19090903835627027,-0.9304838712327183,-0.9348387078847736,-0.9246774178231135,-0.9319354842184112,-0.785322579368949,-0.7243548419326544,-0.7620967749506236,-0.7083870951086283,-0.36145162149332466,-0.2917741931509227,-0.4833870925940573,-0.5545161198824644,-0.9783870974555612,-1.0233870905824005,-0.9885483867838047,-0.9958064526552335
-0.004793858908438531,0.572815246598772,0.17263710145471578,0.05879920552062601,-0.6407198252519464,0.5456832061821776,-0.4931156699590206,0.016766990025103623,-0.19947369806657944,-0.0073453435391671595,-0.1807655448177643,-0.22500002580064948,-0.05232558531204112,-0.17045448875281788,-0.7243548452854156,-0.7287096717744135,-0.772258056839928,-0.8230645160540008,-0.8724193551577628,-0.8695161296054721,-0.8709677444770932,-0.8724193543195725,-0.882580645638518,-0.8680645159911364,-0.8709677428007127,-0.8869354840717278,-0.9203225830569863,-0.9508064492605627,-0.9348387108184397,-0.9362903229659424
-0.004589997354467856,0.5658285080980553,0.17078648158040022,0.05879930058436711,-0.6407198252519464,0.5456624180719075,-0.492859261931749,-0.006760629329635837,-0.2600000182683895,-0.007731944205918273,-0.20160675029665487,-0.22500002580064948,-0.057558138229319655,-0.17045448875281788,-0.9261290324851871,-0.9319354819133878,-0.9174193533137441,-0.9290322584565729,-0.873870967514813,-0.8767741955816746,-0.8767741922289133,-0.8796774219721556,-0.8637096771388315,-0.8332258055917919,-0.8549999984912574,-0.859354839543812,-0.97403225870803,-1.0175806403160095,-0.9841935468837619,-0.9972580666886642
-0.004522043503144557,0.5405330868497752,0.17085258640305667,0.058724390356226785,-0.6407405477691519,0.5456624205499275,-0.49294467693892663,-0.02542055430227641,-0.21473686240389178,-0.056056697266308464,-0.19650278793906262,-0.22500002580064948,-0.05232559154973626,-0.16363631859108874,-0.914516129437834,-0.9203225791803561,-0.9072580630425364,-0.9217741940519772,-0.8767741922289133,-0.8796774219721556,-0.8782258054241538,-0.8883871011435985,-0.8869354839669541,-0.8753225813386962,-0.8811290334910155,-0.8898387098335662,-0.9609677424654365,-0.998709673807025,-0.9696774182841182,-0.985645164269954
-0.0046579512057913774,0.5051223282438492,0.1759748355897509,0.05862476355534996,-0.6407405477691519,0.545620849285427,-0.49307279944969334,0.014062686712298045,-0.24526317499089378,0.028608264995303667,-0.18544418315002642,-0.2330357412913392,-0.09941861770680371,-0.1431817559482147,-0.9145161297521555,-0.918870966299437,-0.9072580630425364,-0.9232258068281226,-0.8811290318146349,-0.8825806483626366,-0.8825806450098753,-0.8883871011435985,-0.8912903226097114,-0.8811290326528252,-0.8869354845955968,-0.8927419354906306,-0.947903226222843,-0.9769354792311787,-0.9508064509369433,-0.9682258067652584
-0.004861812759761497,0.4748464257282451,0.2187871473035009,0.05855004345469228,-0.6326490166080122,0.5457871417774892,-0.4932437924697868,0.005408778562116079,-0.19842107203456927,0.006185595305994052,-0.17736290257888632,-0.20089288726724197,-0.16744186800837546,-0.12272720634476231,-0.8506451589055359,-0.897096773609519,-0.8912903216667474,-0.9246774198138156,-0.8869354845955968,-0.8825806483626366,-0.8825806450098753,-0.8883871011435985,-0.8970967742381618,-0.8941935484763235,-0.8941935488954187,-0.9,-0.6561290200799703,-0.6488709725439549,-0.7185483824461698,-0.7461290415376425
-0.006867488837181579,0.4626266242381939,0.29066421313392443,0.05694270571687987,-0.5499955397248683,0.5460781629311734,-0.4937140640264812,-0.015414365543313213,-0.16894738547957766,-0.02860824195226941,-0.22117197169085823,-0.32946431725628855,-0.27209301368167726,-0.06136358361324867,-0.719999997317791,-0.8375806409865618,-0.8404838673770428,-0.9029032270191237,-0.8912903225049377,-0.8825806483626366,-0.8825806450098753,-0.8883871011435985,-0.8941935484763235,-0.8941935484763235,-0.8941935488954187,-0.9,-0.21483871266245846,-0.15096774548292158,-0.3541935458779335,-0.40500000268220904
-0.007853338413060684,0.46245828102247566,0.33712819779781544,0.03745492394266914,-0.4497310809338634,0.5463068197540469,-0.493842186537248,-0.11574507585790828,-0.20105264354964403,-0.06688143144421221,-0.29432887189341017,-0.5383928842902439,-0.31395349939685646,-0.14318176898763646,-0.6140322625637055,-0.7809677414596081,-0.7896774172782898,-0.8709677428007127,-0.8927419348619878,-0.8825806483626366,-0.8854838714003563,-0.8883871011435985,-0.8941935484763235,-0.8956451613572426,-0.8941935488954187,-0.9,0.008709675818681761,0.09580646753311162,-0.17274193167686458,-0.23370966911315916
-0.008533395657984721,0.4638331776086485,0.34013545509357856,-0.016547460255962432,-0.4346034460164612,0.5466394121722317,-0.49277400993031006,-0.14197695554132728,-0.31736843765040146,-0.019329872036312645,-0.3245273627931664,-0.5946428828017449,-0.30348836861151907,-0.29318177333411033,-0.7388709655031562,-0.862258061952889,-0.8564516083337367,-0.9130645165569149,-0.8840322582051158,-0.8825806483626366,-0.8825806450098753,-0.8883871011435985,-0.8970967742381618,-0.8956451613572426,-0.8941935488954187,-0.9,0.20467741861939437,0.23225800395011909,-0.05516130477190018,-0.16112903952598567
-0.008839187988940123,0.4658955224879079,0.3381526492109549,-0.09012489474331331,-0.43381705609210436,0.5476164137066163,-0.49063733070495685,-0.1852462383874801,-0.32578948954416054,-0.02319586334180035,-0.35430052034834314,-0.6508928872672419,-0.3662790909465926,-0.443181767901018,-0.9130645169760101,-0.9377419336466118,-0.9203225788660347,-0.9348387099802494,-0.8767741922289133,-0.8825806483626366,-0.8825806450098753,-0.8912903241813183,-0.8811290321289562,-0.8579032265581191,-0.8622580661438406,-0.8259677446447313,0.294677359610796,0.27290318012237547,-0.018870963156223275,-0.16112903952598567
-0.009757343079341174,0.47431328535972395,0.3378882771943389,-0.15980233924404486,-0.4335480580830448,0.5498406349506791,-0.4898257251310304,-0.1373795883286062,-0.33157896288450994,0.015463934497905063,-0.2883742434721124,-0.6750000297699802,-0.45000001247539023,-0.429545398238861,-0.9348387099802494,-0.9406451594084502,-0.9232258044183255,-0.9348387099802494,-0.8767741922289133,-0.8825806483626366,-0.8825806450098753,-0.894193547219038,-0.8550000001676381,-0.7911290325690061,-0.8099999986588955,-0.69822580316104,0.33822578564286243,0.2975806295871736,-0.011612905561923959,-0.18580646216869356
-0.01149120375146695,0.488062331499573,0.3378056658635221,-0.21906307922865698,-0.4336307902660218,0.5521272205255524,-0.49042363018127383,-0.07112359837122639,-0.268947386194583,-0.0011597866382303534,-0.22499994996376305,-0.6348214562858625,-0.45523256539266876,-0.37499994566907635,-0.9348387099802494,-0.9406451594084502,-0.9246774174040183,-0.9348387099802494,-0.8767741922289133,-0.8825806483626366,-0.8825806450098753,-0.894193547219038,-0.8477419350296259,-0.7693548312876374,-0.7896774206310511,-0.6358064407948405,0.3425806470215321,0.30193546414375316,-0.002903236448764779,-0.19161290824413302
-0.012952730286610259,0.5059360540182544,0.3377395767988688,-0.2779748402189761,-0.43394123330949264,0.5528131959502126,-0.49068003820854594,-0.04921845784226764,-0.29789475008099586,0.029381450966782907,-0.2037334074501208,-0.6589285987886009,-0.4186046575455485,-0.33409085298188246,-0.9348387099802494,-0.9406451594084502,-0.9261290303897113,-0.9348387099802494,-0.8767741922289133,-0.8825806483626366,-0.8869354845955968,-0.894193547219038,-0.8477419350296259,-0.7693548312876374,-0.7896774206310511,-0.6343548292759806,0.3425806470215321,0.30193546414375316,-0.011612905561923959,-0.19161290824413302
-0.013870885377010755,0.5216352028471972,0.3377065243875407,-0.34393909498473285,-0.44228107943394784,0.5531042146258768,-0.49089373873222847,-0.02731348924981336,-0.3436842237877854,0.030927838271764152,-0.13823245778903026,-0.69910718021138,-0.4029069863183228,-0.3136362968587193,-0.9348387099802494,-0.9406451594084502,-0.9290322563610971,-0.9348387099802494,-0.8767741922289133,-0.8825806483626366,-0.8869354845955968,-0.894193547219038,-0.8477419350296259,-0.7722580576781184,-0.7911290321499109,-0.6387096638325602,0.3425806470215321,0.30193546414375316,-0.011612905561923959,-0.19161290824413302
-0.014516446964583984,0.5315821969891245,0.3376734640972111,-0.4092803970537845,-0.49395502463808627,0.5531457883683973,-0.49140655478677275,0.05111199456757065,-0.32894738211905195,0.030927845952775646,-0.03700373059508,-0.6026785982924345,-0.37151164386387125,-0.23181812452375317,-0.9348387099802494,-0.9406451594084502,-0.9290322563610971,-0.9348387099802494,-0.8767741922289133,-0.8840322598814965,-0.8869354845955968,-0.894193547219038,-0.8477419350296259,-0.7751612874213606,-0.7983870964497328,-0.6546774173621088,0.33822578564286243,0.30193546414375316,-0.011612905561923959,-0.19161290824413302
-0.015264717426675567,0.5410662272182963,0.337855232662012,-0.4743226285927228,-0.6188872126674974,0.5526468985021101,-0.4925174388972992,0.1690206334312766,-0.15473685682684934,-0.07422679034540214,0.12334599281260805,-0.32142859878860086,-0.18313953923560122,-0.12954540258533487,-0.9348387099802494,-0.9406451594084502,-0.9290322563610971,-0.9348387099802494,-0.8767741922289133,-0.8869354829192162,-0.8883870977908374,-0.894193547219038,-0.853548387810588,-0.7940322589594871,-0.8114516135305166,-0.6967741916421801,0.30048380568623545,0.27725804150104516,-0.03338710516691212,-0.19887096583843233
-0.015944515305754692,0.5565549269580613,0.338119604678628,-0.5307672953689591,-0.7628789457646334,0.5520648561947415,-0.49294467693892663,0.2972057452391975,0.10526313087505701,-0.20914947443660825,0.2985823012836871,-0.1767857447645036,0.07325580945654553,-0.040909034009796286,-0.8535483840387315,-0.8477419362869114,-0.8622580625815317,-0.8608064510626718,-0.8869354837574065,-0.8869354829192162,-0.8912903241813183,-0.8956451604142786,-0.8869354839669541,-0.8767741941148416,-0.884032258624211,-0.8753225807100534,-0.6285483760759234,-0.6270967779681087,-0.7098387108184397,-0.7504838769324124
-0.0160804230084014,0.5862416014592778,0.3380534998559718,-0.5624037004300684,-0.7989079430789952,0.5521687942680732,-0.4928165544281599,0.3380411808943008,-0.058947392415130584,-0.12873709646622356,0.2985822932778891,-0.2732143137831242,-6.2376950271669784e-09,-0.06818175377497782,-0.7490322545170784,-0.7316128961741925,-0.782419352978468,-0.7780645150691271,-0.8912903225049377,-0.8883870944380761,-0.8941935505717993,-0.9,-0.8956451613572426,-0.8941935484763235,-0.8927419361192733,-0.8883870965335519,-0.8927419382147491,-0.9246774176135659,-0.9101612898521125,-0.9435483883135021
-0.01567244053461625,0.6178643567381216,0.33823526054177144,-0.5641606209648082,-0.7928237330845054,0.5522311561208638,-0.49256030940662704,0.2855770776544536,-0.14789476026982362,-0.09742266904922536,0.29305298487902254,-0.2410714617436922,-0.015697683702615928,-0.06818175377497782,-0.7417741868644953,-0.7301612880080939,-0.7824193596839905,-0.791129027120769,-0.8927419348619878,-0.8883870944380761,-0.8941935505717993,-0.8985483868047596,-0.8956451613572426,-0.8941935484763235,-0.8941935488954187,-0.8898387095192447,-0.8985483851283789,-0.9290322538465262,-0.9130645137280226,-0.9406451627612115
-0.015400884495167189,0.6407186006631865,0.33902839234962256,-0.5375830328967017,-0.7761026747441068,0.5522519417531143,-0.49247489439944886,0.3047778289023545,-0.1605263321781515,-0.0603092661955128,0.32325147903113416,-0.17678574873383424,-0.020930242857589598,-0.04772720417152543,-0.7359677407890558,-0.7229032270610333,-0.7780645150691271,-0.78677419424057,-0.894193547219038,-0.8912903208285571,-0.8941935505717993,-0.9,-0.8970967742381618,-0.8970967742381618,-0.8941935488954187,-0.8927419354906306,-0.9043548395857215,-0.9348387032747268,-0.9174193549901247,-0.9464516155421734
-0.014788262369877181,0.6487154921160195,0.339970232431945,-0.4735998589676586,-0.7246564009290005,0.552210370488614,-0.4918337928283997,0.22472986625918978,-0.14263158989071512,-0.09626287472998374,0.2615785106451226,-0.13660718318837795,-0.020930242857589598,-0.06818175377497782,-0.7504838727414608,-0.740322582051158,-0.7882258024066687,-0.7983870930969715,-0.894193547219038,-0.8927419340237975,-0.8941935505717993,-0.9,-0.8956451613572426,-0.8970967742381618,-0.8941935488954187,-0.8927419354906306,-0.9,-0.9232257977128029,-0.9145161302760244,-0.9464516155421734
-0.014516446964583651,0.6489539984078173,0.34038331272303257,-0.3868644619202116,-0.6870959898574134,0.5520856443050118,-0.4914492622903613,0.19985005226392138,-0.150000017160131,-0.08079895559410155,0.19948021823378104,-0.12053575220699853,-0.03662791408481536,-0.0340908508086456,-0.6662903174757957,-0.6401612900197506,-0.7214516155421734,-0.7417741902172565,-0.894193547219038,-0.8912903208285571,-0.8941935505717993,-0.9,-0.8985483871190809,-0.8970967742381618,-0.8985483872238547,-0.8970967742381618,-0.9261290333233774,-0.9348387032747268,-0.9246774159371853,-0.9348387099802494
-0.014176677707966157,0.6468355257436317,0.3412260113293738,-0.30805376847458166,-0.6854197158370555,0.5509631408668553,-0.491919370841316,0.13792093041338027,-0.2563158062424439,-0.02164946835580761,0.13100195336131704,-0.1366071712803858,-0.07848837484921412,0.027272771922868255,-0.14225808307528498,-0.002903233096003488,-0.2409677501767874,-0.36290322840213773,-0.894193547219038,-0.8898387076333165,-0.8941935505717993,-0.9,-0.8956451613572426,-0.8956451613572426,-0.8970967744477093,-0.9,-0.9653225812129677,-0.9580645110458136,-0.9319354785606265,-0.9203225780278445
-0.014856475587044948,0.6308978706228913,0.34720751290457896,-0.26982578618770336,-0.6853576666998228,0.5486973434022521,-0.49260301691021613,0.1468452946853186,-0.32947370157010614,0.06649486918251835,0.1186673564817956,-0.16875003324314453,-0.18837209215287976,0.10909100945494277,0.06822581514716153,0.21483870930969717,-0.039193547889590286,-0.23080646619200706,-0.8927419348619878,-0.8898387076333165,-0.8941935505717993,-0.9,-0.8970967742381618,-0.8956451613572426,-0.9,-0.8985483871190809,-0.9522580658085644,-0.9362903198227287,-0.9174193499609828,-0.8985483851283789
-0.02301534696521801,0.6087591321935327,0.3764375133198897,-0.263844945967882,-0.6854197553085168,0.5467641383558336,-0.49303009194610425,0.22391849789392115,-0.3115789633045757,0.05837630126681459,0.22967869637429683,-0.12053574426833724,-0.23546510583455704,0.17045461914703453,0.13499999865889556,0.1466129142791034,-0.07693548761308189,-0.42967741191387177,-0.894193547219038,-0.8883870944380761,-0.8941935505717993,-0.897096773609519,-0.8985483871190809,-0.8985483871190809,-0.8985483872238547,-0.8956451613572426,-0.8114516135305166,-0.7112903214991093,-0.7606451634317637,-0.7243548452854156
-0.037905540112080804,0.5923304559574171,0.4327825222595799,-0.26352096873754927,-0.6854197158370555,0.5468888595833953,-0.4932866629791151,0.2920675087670902,-0.3126315945650633,0.053350531004108026,0.25264657001462554,-0.14464289074040626,-0.30348836861151907,0.19090915571106526,0.2177419625222684,0.010161270573735282,-0.13499996177852158,-0.6270967729389667,-0.894193547219038,-0.8883870944380761,-0.8941935505717993,-0.894193547219038,-0.8956451613572426,-0.8970967742381618,-0.8970967744477093,-0.9,-0.4804838687181473,-0.19451613128185274,-0.3977419450879097,-0.36145161688327787
-0.04249475936901448,0.5789041144765975,0.5025115437877435,-0.26335907518612445,-0.6914625597400569,0.547263030700141,-0.49444041759896934,0.2512322450484913,-0.34736843742249346,0.10554123696492879,0.22882804031783877,-0.2892857457568362,-0.47616278953717306,0.24545462132027163,0.29612903818488123,-0.059516135975718476,-0.12774190418422227,-0.6503225773572922,-0.894193547219038,-0.8883870944380761,-0.8941935505717993,-0.894193547219038,-0.8941935484763235,-0.9,-0.8985483872238547,-0.9,-0.26129034832119946,0.14661292433738715,-0.13500000536441803,-0.11758068054914472
-0.04412668926415575,0.5650288176148032,0.5586582737149718,-0.26320963498480854,-0.7302852286739643,0.5478242799411993,-0.49952554462934096,0.24230796674480548,-0.4347368557722162,0.20876289297238582,0.21309077918349495,-0.4901786032540979,-0.690697683702616,0.2727273541248748,0.3251612685620785,-0.0711290549486876,-0.11758062355220322,-0.6401612766087055,-0.894193547219038,-0.8883870944380761,-0.8941935505717993,-0.894193547219038,-0.8970967742381618,-0.8970967742381618,-0.9,-0.9,-0.2090322397649288,0.20903221964836127,-0.06967744678258891,-0.05516126453876491
-0.04565668838231218,0.5538752701024215,0.5995208004414202,-0.2630851014837129,-0.8054266154484987,0.5480113654995721,-0.5038412845721589,0.2771937115942803,-0.5363157995571428,0.24394332321638867,0.23180536453573508,-0.5705357363296758,-0.779651158148692,0.32727281973408096,0.3454838298261166,-0.06822583191096787,-0.10451611988246445,-0.6299999959766864,-0.8912903225049377,-0.8883870944380761,-0.8941935505717993,-0.897096773609519,-0.8956451613572426,-0.8985483871190809,-0.8985483872238547,-0.9,-0.20322576686739924,0.23806445002555854,-0.04354835897684095,-0.0319354802370071
-0.05099365936964839,0.5378253861712018,0.629461317394265,-0.26309755483382236,-0.8649851824134116,0.5476995611916574,-0.5046957606554139,0.2842251409186817,-0.48947369740519947,0.17706185336711944,0.2900756926843179,-0.48214288180941217,-0.6174418680083755,0.3750000760632931,0.3614515565335751,-0.04499999396502974,-0.07838711254298691,-0.6227419383823871,-0.894193547219038,-0.8883870944380761,-0.8941935505717993,-0.894193547219038,-0.8970967742381618,-0.8985483871190809,-0.9,-0.9,-0.23516132757067676,0.22645155787467963,-0.05516127794981007,-0.03629031479358669
-0.06683572516672887,0.5096258638260104,0.6566754595156242,-0.26301009619183113,-0.8738631034989084,0.5470967332520386,-0.5047384681590024,0.2506913328049788,-0.3878947528158917,0.08389175324709852,0.29900763331481495,-0.4580357412913392,-0.4761628020125633,0.34090918613638255,0.37016122564673426,-0.02758065573871138,-0.06387099735438828,-0.6154838807880878,-0.8912903225049377,-0.8883870944380761,-0.8941935505717993,-0.8956451604142786,-0.8956451613572426,-0.9,-0.9,-0.9,-0.24387099668383594,0.20903221964836127,-0.07258069664239886,-0.040645149350166276
-0.09355637258998661,0.4654746376892388,0.6781063928624932,-0.26286056092677434,-0.8759946018829468,0.546036586710633,-0.5043968081302919,0.22959756064128867,-0.3326315949493788,0.01932991044136978,0.29092632472338253,-0.4098214592628605,-0.37151164386387125,0.2727273541248748,0.37016122564673426,-0.02322582118213179,-0.059516122564673424,-0.6169354923069477,-0.8912903225049377,-0.8898387076333165,-0.8941935505717993,-0.894193547219038,-0.9,-0.9,-0.9,-0.9,-0.2569355003535747,0.1916128814220429,-0.08419358879327776,-0.05225804150104518
-0.13101969393677548,0.4106468900033672,0.6953734117946481,-0.2624495053094157,-0.877029306770619,0.5448101451991448,-0.5036701285463258,0.23311323231936332,-0.19894738826809888,-0.09510307272973051,0.29262763683629867,-0.3937500302661465,-0.26686046076439884,0.1840910246676012,0.3599999450147152,-0.02758065573871138,-0.06677422039210801,-0.6227419383823871,-0.8912903225049377,-0.8883870944380761,-0.8941935505717993,-0.8985483868047596,-0.8956451613572426,-0.9,-0.9,-0.9,-0.2612903349101543,0.1916128814220429,-0.0987097039818764,-0.058064487576484636
-0.1683468482150725,0.35132966878586014,0.7174487593185827,-0.2622251548799597,-0.8773811159055781,0.5433758349750538,-0.5030720604903431,0.19687520686110715,-0.21000001791088674,-0.11327317733034137,0.27689043174254035,-0.37767860126943253,-0.18837209215287976,0.12272736281782237,0.3483870528638363,-0.03774193637073042,-0.08419355861842637,-0.6299999959766864,-0.8883870977908374,-0.8883870944380761,-0.8941935505717993,-0.897096773609519,-0.8970967742381618,-0.8985483871190809,-0.8985483872238547,-0.9,-0.2612903349101543,0.17854837775230414,-0.11758065372705462,-0.07983874082565312
-0.18663629012317584,0.30115975122702865,0.7567250322780806,-0.2620258062144647,-0.8774017989513223,0.5416297130089881,-0.5017046053468053,0.08085958891319034,0.06894734937180191,-0.3715206128817269,0.22585071609994245,-0.3214285997809335,-0.03139534869214655,-0.047727191132103775,0.28306450769305236,-0.055161288008093834,-0.13209676556289196,-0.6430645063519478,-0.8869354845955968,-0.8883870944380761,-0.8941935505717993,-0.8985483868047596,-0.8985483871190809,-0.8985483871190809,-0.9,-0.9,-0.36580645814538004,-0.008709655702114127,-0.2641935646533966,-0.23661290556192394
-0.18979795977062852,0.2748261599630718,0.8014540494837364,-0.2618265526127107,-0.8698690652684299,0.5409853138048687,-0.5003371502032691,-0.025150098180520164,0.14631576491512843,-0.48402061576210625,0.16034977544537454,-0.28125002927381393,0.036627901609425084,-0.1499999391493655,-0.47032258808612826,-0.4848387133330107,-0.5966128874570131,-0.714193544536829,-0.8840322582051158,-0.8898387076333165,-0.8941935505717993,-0.9,-0.8985483871190809,-0.9,-0.8985483872238547,-0.8912903225049377,-0.7301612947136163,-0.7156451560556889,-0.7809677347540855,-0.8303225867450238
-0.1901037521015836,0.2689196839718043,0.8229675981009225,-0.26178919256238176,-0.8676133501955419,0.5408605900992866,-0.5002088646867636,0.0013523665770336368,0.004210504128041137,-0.38698453153754586,0.1688563840447438,-0.2651786012694326,0.020930230382199322,-0.1363635727470639,-0.5298387207090856,-0.5080645110458135,-0.6285483811050654,-0.7054838720709086,-0.8912903225049377,-0.8912903208285571,-0.8941935505717993,-0.9,-0.8985483871190809,-0.9,-0.9,-0.8927419354906306,-0.7853225860744715,-0.7954838700592518,-0.8332257963716984,-0.8767742022871972
-0.19020568287856898,0.27512078066010914,0.8242729526607181,-0.2617642858621626,-0.8673029466235325,0.5407774401362254,-0.5001661571831746,0.0054088645303683736,0.12105260501084969,-0.4422680368315849,0.1680057279882855,-0.27321431576778954,0.04186047323978903,-0.14318174290879304,-0.5370967783033849,-0.5225806396454573,-0.6372580569237472,-0.7098387133330106,-0.8898387101478875,-0.8927419340237975,-0.8941935505717993,-0.9,-0.9,-0.9,-0.9,-0.8941935484763235,-0.7940322585403919,-0.7954838700592518,-0.8390322525054217,-0.8796774253249169
-0.19017170595290744,0.310040504770973,0.8243555699007855,-0.2616020120557725,-0.8671787694061441,0.5407150807614546,-0.5001234496795854,0.0005410841800170818,0.2342104986939998,-0.49252576898253797,0.18672028131733376,-0.24107145876669422,0.05755813199162463,-0.12272721938418407,-0.5487096838653087,-0.5312903087586165,-0.6445161212235689,-0.7127419363707304,-0.8883870977908374,-0.894193547219038,-0.8941935505717993,-0.9,-0.9,-0.9,-0.9,-0.8941935484763235,-0.8027419276535511,-0.8187096811830997,-0.8506451647728682,-0.8912903208285571
-0.19023965980423085,0.38780666798976904,0.8236450612422531,-0.261290678303032,-0.8664751511362258,0.5408813782095568,-0.5001661571831746,0.049218973651781295,0.018947345796774595,-0.40206185114682713,0.17778833268103889,-0.27321431477545677,0.04709302615706745,-0.13636358578648555,-0.5530645184218883,-0.5327419202774764,-0.6474193442612887,-0.7098387133330106,-0.8883870977908374,-0.894193547219038,-0.8941935505717993,-0.9,-0.9,-0.8956451613572426,-0.9,-0.8941935484763235,-0.8070967622101307,-0.8187096811830997,-0.8564516175538301,-0.8883870944380761
-0.19037556750687723,0.4786905434605667,0.8235128732641946,-0.26122841155248366,-0.8662061136557049,0.5407774401362254,-0.5002088646867636,0.09789686312354573,-0.07631581203398796,-0.3784793773569878,0.19395090182911667,-0.2491071722727185,0.09941859899371841,-0.10909085298188248,-0.6241935566067696,-0.5037096764892339,-0.6241935532540084,-0.5429032243788243,-0.808548382949084,-0.808548385463655,-0.8288709701970219,-0.8404838724061847,-0.8970967742381618,-0.9,-0.9,-0.8956451613572426,-0.9566129045560956,-1.0001612861640752,-0.9725806455127896,-0.9914516153745353
-0.19037556750687723,0.5517147049444634,0.8234963500131564,-0.2611287847516067,-0.8661854306099606,0.5405279976811018,-0.5002088646867636,0.11385231284687591,-0.04947371147293189,-0.3951030869716058,0.1990548781968552,-0.2008928912365726,0.2040697602612579,-0.12954538954591321,-0.7359677407890558,-0.5966129142791032,-0.6590322498232126,-0.4093548573553562,-0.2554838821291924,-0.22645161822438242,-0.37161291427910326,-0.4035483978688717,-0.8956451613572426,-0.8985483871190809,-0.9,-0.9,-0.9696774199604988,-1.0277419318445027,-0.9870967749506235,-1.0117741954978556
-0.19037556750687723,0.5923304425777304,0.8235293965152334,-0.2601941180471963,-0.8662061136557049,0.5402369765274176,-0.5002517351960915,0.16523476353620292,-0.08105264526565714,-0.40051546030137947,0.2683837911199797,-0.19285717177655226,0.30348836237382393,-0.13636355970764225,-0.7693548426032066,-0.6503225740045309,-0.6808064494282007,-0.41516130343079566,0.0914515793323517,0.15387094840407378,-0.04790324382483957,-0.06532259881496427,-0.8941935484763235,-0.9,-0.8985483872238547,-0.9,-0.9870967749506235,-1.0335483837872743,-0.9929032260552049,-1.0117741954978556
-0.1905796884266927,0.6031613121904552,0.8237607239995227,-0.24408319049125993,-0.8662889247816047,0.5401330384540858,-0.5009782517743178,0.2755711468002474,0.05052629406836051,-0.4631443225763557,0.333459439772409,-0.10446432122561922,0.3348837110659705,-0.02727265456807304,-0.7737096805125475,-0.6445161212235689,-0.6691935438662767,-0.399193549901247,0.13064514398574822,0.19016129001975057,-0.007258107885718346,-0.036290355026721954,-0.8956451613572426,-0.9,-0.9,-0.8985483871190809,-0.9870967749506235,-1.0335483837872743,-0.9958064516074956,-1.0161290338262916
-0.19064738291217076,0.6028526562022652,0.8238598664603792,-0.1887722538937051,-0.8664337850447371,0.5400706790793152,-0.503029352986754,0.29828739778971813,0.07684209287474753,-0.4654639133751236,0.40363900875199155,-0.016071470674686283,0.36104650294227925,0.1636364750641489,-0.7229032304137946,-0.5312903221696615,-0.5661290388554334,-0.230806452780962,0.15822584331035616,0.19161290153861044,-0.002903273329138756,-0.09580645412206645,-0.8985483871190809,-0.9,-0.9,-0.8941935484763235,-0.9870967749506235,-1.0335483837872743,-0.9987096771597862,-1.0161290338262916
-0.19173568199672486,0.5899594417102808,0.8238268199583024,-0.10860338477619691,-0.8664751511362256,0.5400914647115654,-0.5096953096728691,0.3126205406237722,-0.05368423651488263,-0.3954896859581356,0.3806711110942692,0.040178541729472106,0.3401162694412322,0.33409100293523164,-0.5820967689156533,-0.20322579704225063,-0.25403225384652617,0.1974193476140499,0.19451613128185274,0.15096775218844416,-0.03048390559852121,-0.2772580549120903,-0.8970967742381618,-0.8985483871190809,-0.9,-0.8941935484763235,-0.9870967749506235,-1.0335483837872743,-0.9987096771597862,-1.0161290338262916
-0.2140707123511747,0.5509009925497445,0.8238929129624563,-0.02971797122990949,-0.8663303303445545,0.5402993359021883,-0.5605451129249421,0.14792694723583877,0.008421033996278804,-0.42487113092412837,0.2322306885610651,-0.008035743276004537,0.2720930136816774,0.2522728045214223,-0.5051612980663777,-0.02758065573871138,-0.07983872406184678,0.3759676717221737,0.18580646216869356,0.09725801870226858,-0.08709679506719115,-0.38467738777399063,-0.8985483871190809,-0.8970967742381618,-0.9,-0.8941935484763235,-0.9870967749506235,-1.0335483837872743,-0.9987096771597862,-1.0161290338262916
-0.28032831104996436,0.5097661498391092,0.8239755302025239,0.047186504075276914,-0.8657715723377686,0.5405903545778529,-0.611523201693521,0.04326949776678368,0.10263154327235913,-0.47319587342312786,0.09484883479080652,-0.1285714637283576,0.18313952364136343,0.07500008040976702,-0.5109677441418171,-0.030483878776431106,-0.09435483925044541,0.35854833349585535,0.16548390090465548,0.08419351503252981,-0.11177419088780882,-0.39193547219038005,-0.8985483871190809,-0.9,-0.9,-0.8941935484763235,-0.9870967749506235,-1.0335483837872743,-0.9987096771597862,-1.0161290338262916
-0.3578719551170284,0.4862665233553579,0.8239590059666103,0.12092573705031129,-0.865419723731348,0.5409021663198273,-0.6131041943550033,0.10033079628284758,0.023684179028443775,-0.45850514937992604,0.1152647322559629,-0.1285714637283576,0.20406975714241027,0.03409098120286225,-0.5240322478115559,-0.05516127459704878,-0.12483868114650254,0.3280644915997982,0.14661295115947726,0.07693545743823049,-0.12193547151982786,-0.3890322223305702,-0.9,-0.8941935484763235,-0.8985483872238547,-0.8941935484763235,-0.9870967749506235,-1.0393548348918558,-0.9987096771597862,-1.0161290338262916
-0.4171943704931585,0.476600127999001,0.8239590059666103,0.1896313449237862,-0.865212853802444,0.5408605900992866,-0.6129332013349093,0.08194132743196303,0.0005262904933331924,-0.4766752549406634,0.13312859750536143,-0.1285714637283576,0.2511627840791898,-0.006818131043464071,-0.5269354708492756,-0.06387098394334312,-0.130645127221942,0.3208064340054989,0.15096778571605685,0.08419351503252981,-0.11467741392552855,-0.3817741647362709,-0.8985483871190809,-0.9,-0.9,-0.8941935484763235,-0.9870967749506235,-1.0393548348918558,-1.0045161282643675,-1.0161290338262916
-0.47145111155555514,0.474874482930865,0.8239755292176488,0.24483001124287174,-0.8651714877109553,0.5407358688717249,-0.6128050788241426,0.0002706280582609466,-0.021052655776237383,-0.497938140872122,0.03487717851771144,-0.11250003274697828,0.30872091918966194,-0.03409086384806714,-0.5283870823681355,-0.07838711254298691,-0.14370963089168076,0.31064515337347987,0.16548390090465548,0.10016126856207841,-0.09580646418035033,-0.36435482650995255,-0.9,-0.9,-0.9,-0.8941935484763235,-0.9870967749506235,-1.0393548348918558,-1.0074193538166583,-1.0161290338262916
-0.5025916123391282,0.4718581128844149,0.8239755292176488,0.27017400467206565,-0.8651300821480055,0.5407358688717249,-0.612719663816965,-0.018929951253135346,-0.021052649341188223,-0.5006443282571036,-0.010633216717322869,-0.1285714637283576,0.30872091918966194,-0.0749999369761285,-0.5283870823681355,-0.09000000469386582,-0.15677424184978006,0.3004838727414608,0.1683871239423752,0.11032262966036799,-0.08709679506719115,-0.3541935458779335,-0.8970967742381618,-0.8985483871190809,-0.9,-0.8941935484763235,-0.9870967749506235,-1.0509677371010184,-1.0074193538166583,-1.0190322595881298
-0.5102405704665303,0.4656850733987302,0.823892911977581,0.2694887852248128,-0.8651093596307998,0.5408398044670363,-0.6129332013349087,-0.032722181843677034,-0.0894737146547061,-0.451546388745171,-0.048487651403648524,-0.17678574873383424,0.2563953408950276,-0.10227266978073168,-0.5341935284435749,-0.10161289684474473,-0.1669355224817991,0.28741936907172205,0.16548390090465548,0.11032262966036799,-0.08854840658605101,-0.35274193435907364,-0.9,-0.8956451613572426,-0.9,-0.8941935484763235,-0.9914516136981547,-1.045161285996437,-1.0045161282643675,-1.021935485349968
-0.5136400785936146,0.44999995986094043,0.8237772482354363,0.25886018362934726,-0.8650886765850556,0.5411931849954915,-0.6131043573607414,-0.048948087688763575,-0.04368423451286729,-0.4349226762501736,-0.10207933921851997,-0.23303574526066984,0.17267441156911134,-0.12272719330534065,-0.5414516128599645,-0.11177417747676377,-0.1829032491892576,0.2627419732511044,0.13935483992099773,0.08999996110796926,-0.11032257936894896,-0.3585483804345131,-0.8985483871190809,-0.8970967742381618,-0.9,-0.8941935484763235,-0.9870967749506235,-1.0567741882055999,-1.0074193538166583,-1.021935485349968
-0.5205070486991072,0.43056896224921426,0.8236615835084166,0.24694812646266107,-0.8649851824134116,0.5416089273767376,-0.6135317584081076,-0.014873625236305199,-0.06052633468067048,-0.42641752014936257,-0.11313794000465727,-0.2651786012694326,0.1151162733397918,-0.1363635727470639,-0.5661290422081948,-0.15387096516788001,-0.23370969258248808,0.19451615139842027,0.08709677159786222,0.05080645009875295,-0.15532256327569482,-0.3745161071419716,-0.8956451613572426,-0.8985483871190809,-0.9,-0.8956451613572426,-0.9870967749506235,-1.0567741882055999,-1.010322579368949,-1.0248387111118062
-0.5205070486991072,0.43056896224921426,0.8236615835084166,0.24694812646266107,-0.8649851824134116,0.5416089273767376,-0.6135317584081076,-0.014873625236305199,-0.06052633468067048,-0.42641752014936257,-0.11313794000465727,-0.2651786012694326,0.1151162733397918,-0.1363635727470639,-0.5661290422081948,-0.15387096516788001,-0.23370969258248808,0.19451615139842027,0.08709677159786222,0.05080645009875295,-0.15532256327569482,-0.3745161071419716,-0.8956451613572426,-0.8985483871190809,-0.9,-0.8956451613572426,-0.9870967749506235,-1.0567741882055999,-1.010322579368949,-1.0248387111118062
-0.5205070486991072,0.43056896224921426,0.8236615835084166,0.24694812646266107,-0.8649851824134116,0.5416089273767376,-0.6135317584081076,-0.014873625236305199,-0.06052633468067048,-0.42641752014936257,-0.11313794000465727,-0.2651786012694326,0.1151162733397918,-0.1363635727470639,-0.5661290422081948,-0.15387096516788001,-0.23370969258248808,0.19451615139842027,0.08709677159786222,0.05080645009875295,-0.15532256327569482,-0.3745161071419716,-0.8956451613572426,-0.8985483871190809,-0.9,-0.8956451613572426,-0.9870967749506235,-1.0567741882055999,-1.010322579368949,-1.0248387111118062
-0.5205070486991072,0.43056896224921426,0.8236615835084166,0.24694812646266107,-0.8649851824134116,0.5416089273767376,-0.6135317584081076,-0.014873625236305199,-0.06052633468067048,-0.42641752014936257,-0.11313794000465727,-0.2651786012694326,0.1151162733397918,-0.1363635727470639,-0.5661290422081948,-0.15387096516788001,-0.23370969258248808,0.19451615139842027,0.08709677159786222,0.05080645009875295,-0.15532256327569482,-0.3745161071419716,-0.8956451613572426,-0.8985483871190809,-0.9,-0.8956451613572426,-0.9870967749506235,-1.0567741882055999,-1.010322579368949,-1.0248387111118062
-0.5205070486991072,0.43056896224921426,0.8236615835084166,0.24694812646266107,-0.8649851824134116,0.5416089273767376,-0.6135317584081076,-0.014873625236305199,-0.06052633468067048,-0.42641752014936257,-0.11313794000465727,-0.2651786012694326,0.1151162733397918,-0.1363635727470639,-0.5661290422081948,-0.15387096516788001,-0.23370969258248808,0.19451615139842027,0.08709677159786222,0.05080645009875295,-0.15532256327569482,-0.3745161071419716,-0.8956451613572426,-0.8985483871190809,-0.9,-0.8956451613572426,-0.9870967749506235,-1.0567741882055999,-1.010322579368949,-1.0248387111118062
-0.5205070486991072,0.43056896224921426,0.8236615835084166,0.24694812646266107,-0.8649851824134116,0.5416089273767376,-0.6135317584081076,-0.014873625236305199,-0.06052633468067048,-0.42641752014936257,-0.11313794000465727,-0.2651786012694326,0.1151162733397918,-0.1363635727470639,-0.5661290422081948,-0.15387096516788001,-0.23370969258248808,0.19451615139842027,0.08709677159786222,0.05080645009875295,-0.15532256327569482,-0.3745161071419716,-0.8956451613572426,-0.8985483871190809,-0.9,-0.8956451613572426,-0.9870967749506235,-1.0567741882055999,-1.010322579368949,-1.0248387111118062
-0.5205070486991072,0.43056896224921426,0.8236615835084166,0.24694812646266107,-0.8649851824134116,0.5416089273767376,-0.6135317584081076,-0.014873625236305199,-0.06052633468067048,-0.42641752014936257,-0.11313794000465727,-0.2651786012694326,0.1151162733397918,-0.1363635727470639,-0.5661290422081948,-0.15387096516788001,-0.23370969258248808,0.19451615139842027,0.08709677159786222,0.05080645009875295,-0.15532256327569482,-0.3745161071419716,-0.8956451613572426,-0.8985483871190809,-0.9,-0.8956451613572426,-0.9870967749506235,-1.0567741882055999,-1.010322579368949,-1.0248387111118062
-0.5205070486991072,0.43056896224921426,0.8236615835084166,0.24694812646266107,-0.8649851824134116,0.5416089273767376,-0.6135317584081076,-0.014873625236305199,-0.06052633468067048,-0.42641752014936257,-0.11313794000465727,-0.2651786012694326,0.1151162733397918,-0.1363635727470639,-0.5661290422081948,-0.15387096516788001,-0.23370969258248808,0.19451615139842027,0.08709677159786222,0.05080645009875295,-0.15532256327569482,-0.3745161071419716,-0.8956451613572426,-0.8985483871190809,-0.9,-0.8956451613572426,-0.9870967749506235,-1.0567741882055999,-1.010322579368949,-1.0248387111118062
-0.5205070486991072,0.43056896224921426,0.8236615835084166,0.24694812646266107,-0.8649851824134116,0.5416089273767376,-0.6135317584081076,-0.014873625236305199,-0.06052633468067048,-0.42641752014936257,-0.11313794000465727,-0.2651786012694326,0.1151162733397918,-0.1363635727470639,-0.5661290422081948,-0.15387096516788001,-0.23370969258248808,0.19451615139842027,0.08709677159786222,0.05080645009875295,-0.15532256327569482,-0.3745161071419716,-0.8956451613572426,-0.8985483871190809,-0.9,-0.8956451613572426,-0.9870967749506235,-1.0567741882055999,-1.010322579368949,-1.0248387111118062
-0.5205070486991072,0.43056896224921426,0.8236615835084166,0.24694812646266107,-0.8649851824134116,0.5416089273767376,-0.6135317584081076,-0.014873625236305199,-0.06052633468067048,-0.42641752014936257,-0.11313794000465727,-0.2651786012694326,0.1151162733397918,-0.1363635727470639,-0.5661290422081948,-0.15387096516788001,-0.23370969258248808,0.19451615139842027,0.08709677159786222,0.05080645009875295,-0.15532256327569482,-0.3745161071419716,-0.8956451613572426,-0.8985483871190809,-0.9,-0.8956451613572426,-0.9870967749506235,-1.0567741882055999,-1.010322579368949,-1.0248387111118062
-0.5205070486991072,0.43056896224921426,0.8236615835084166,0.24694812646266107,-0.8649851824134116,0.5416089273767376,-0.6135317584081076,-0.014873625236305199,-0.06052633468067048,-0.42641752014936257,-0.11313794000465727,-0.2651786012694326,0.1151162733397918,-0.1363635727470639,-0.5661290422081948,-0.15387096516788001,-0.23370969258248808,0.19451615139842027,0.08709677159786222,0.05080645009875295,-0.15532256327569482,-0.3745161071419716,-0.8956451613572426,-0.8985483871190809,-0.9,-0.8956451613572426,-0.9870967749506235,-1.0567741882055999,-1.010322579368949,-1.0248387111118062
-0.5205070486991072,0.43056896224921426,0.8236615835084166,0.24694812646266107,-0.8649851824134116,0.5416089273767376,-0.6135317584081076,-0.014873625236305199,-0.06052633468067048,-0.42641752014936257,-0.11313794000465727,-0.2651786012694326,0.1151162733397918,-0.1363635727470639,-0.5661290422081948,-0.15387096516788001,-0.23370969258248808,0.19451615139842027,0.08709677159786222,0.05080645009875295,-0.15532256327569482,-0.3745161071419716,-0.8956451613572426,-0.8985483871190809,-0.9,-0.8956451613572426,-0.9870967749506235,-1.0567741882055999,-1.010322579368949,-1.0248387111118062
-0.5205070486991072,0.43056896224921426,0.8236615835084166,0.24694812646266107,-0.8649851824134116,0.5416089273767376,-0.6135317584081076,-0.014873625236305199,-0.06052633468067048,-0.42641752014936257,-0.11313794000465727,-0.2651786012694326,0.1151162733397918,-0.1363635727470639,-0.5661290422081948,-0.15387096516788001,-0.23370969258248808,0.19451615139842027,0.08709677159786222,0.05080645009875295,-0.15532256327569482,-0.3745161071419716,-0.8956451613572426,-0.8985483871190809,-0.9,-0.8956451613572426,-0.9870967749506235,-1.0567741882055999,-1.010322579368949,-1.0248387111118062
-0.5205070486991072,0.43056896224921426,0.8236615835084166,0.24694812646266107,-0.8649851824134116,0.5416089273767376,-0.6135317584081076,-0.014873625236305199,-0.06052633468067048,-0.42641752014936257,-0.11313794000465727,-0.2651786012694326,0.1151162733397918,-0.1363635727470639,-0.5661290422081948,-0.15387096516788001,-0.23370969258248808,0.19451615139842027,0.08709677159786222,0.05080645009875295,-0.15532256327569482,-0.3745161071419716,-0.8956451613572426,-0.8985483871190809,-0.9,-0.8956451613572426,-0.9870967749506235,-1.0567741882055999,-1.010322579368949,-1.0248387111118062
-0.5205070486991072,0.43056896224921426,0.8236615835084166,0.24694812646266107,-0.8649851824134116,0.5416089273767376,-0.6135317584081076,-0.014873625236305199,-0.06052633468067048,-0.42641752014936257,-0.11313794000465727,-0.2651786012694326,0.1151162733397918,-0.1363635727470639,-0.5661290422081948,-0.15387096516788001,-0.23370969258248808,0.19451615139842027,0.08709677159786222,0.05080645009875295,-0.15532256327569482,-0.3745161071419716,-0.8956451613572426,-0.8985483871190809,-0.9,-0.8956451613572426,-0.9870967749506235,-1.0567741882055999,-1.010322579368949,-1.0248387111118062
-0.5205070486991072,0.43056896224921426,0.8236615835084166,0.24694812646266107,-0.8649851824134116,0.5416089273767376,-0.6135317584081076,-0.014873625236305199,-0.06052633468067048,-0.42641752014936257,-0.11313794000465727,-0.2651786012694326,0.1151162733397918,-0.1363635727470639,-0.5661290422081948,-0.15387096516788001,-0.23370969258248808,0.19451615139842027,0.08709677159786222,0.05080645009875295,-0.15532256327569482,-0.3745161071419716,-0.8956451613572426,-0.8985483871190809,-0.9,-0.8956451613572426,-0.9870967749506235,-1.0567741882055999,-1.010322579368949,-1.0248387111118062
-0.5205070486991072,0.43056896224921426,0.8236615835084166,0.24694812646266107,-0.8649851824134116,0.5416089273767376,-0.6135317584081076,-0.014873625236305199,-0.06052633468067048,-0.42641752014936257,-0.11313794000465727,-0.2651786012694326,0.1151162733397918,-0.1363635727470639,-0.5661290422081948,-0.15387096516788001,-0.23370969258248808,0.19451615139842027,0.08709677159786222,0.05080645009875295,-0.15532256327569482,-0.3745161071419716,-0.8956451613572426,-0.8985483871190809,-0.9,-0.8956451613572426,-0.9870967749506235,-1.0567741882055999,-1.010322579368949,-1.0248387111118062
