position0,position1,position2,position3,position4,position5,position6,torque0,torque1,torque2,torque3,torque4,torque5,torque6,tactile0,tactile1,tactile2,tactile3,tactile4,tactile5,tactile6,tactile7,tactile8,tactile9,tactile10,tactile11,tactile12,tactile13,tactile14,tactile15
-0.20540166835638685,-0.2377459777317419,0.42513217725386176,-0.12249638018398468,-0.8326604238603406,0.550069291773552,-0.5322570969981949,-0.17767428367670168,0.036315787938304145,-0.2427834981731013,0.11866731645280593,-0.2571428877634082,-0.005232565392668698,-0.10909083994246083,-0.9014516148716212,-0.9,-0.9,-0.9,-0.9014516131952405,-0.9,-0.9,-0.9,-0.9,-0.9,-0.9,-0.9,-0.9043548387475312,-0.9174193533137441,-0.9,-0.9
-0.20540166835638685,-0.2377459777317419,0.4251486995200252,-0.12252128688420372,-0.8326811069060848,0.5500277205090517,-0.5322998045017839,-0.17794473979845793,0.0352631554712447,-0.242396901346856,0.11824197641588008,-0.2651786032540979,-2.495078044173482e-08,-0.09545446050073758,-0.9,-0.9,-0.9,-0.9,-0.902903226390481,-0.9,-0.9,-0.9,-0.9,-0.9,-0.9,-0.9,-0.9,-0.9174193533137441,-0.9,-0.9
-0.20540166835638685,-0.2377459777317419,0.42511565498769854,-0.12249638018398468,-0.8326811069060848,0.5500277205090517,-0.5323425120053731,-0.18037858698950737,0.033684213205704694,-0.24201030452061068,0.11654067230876153,-0.2571428877634082,-0.010465130785337506,-0.08863626426016513,-0.9,-0.9,-0.9,-0.9,-0.902903226390481,-0.9,-0.9,-0.9,-0.9,-0.9014516128809191,-0.9,-0.9,-0.9043548387475312,-0.9232258044183255,-0.9,-0.9
-0.2054696222077097,-0.2377459777317419,0.42513217725386176,-0.12249638018398468,-0.8326604238603406,0.550048506141302,-0.5323425120053731,-0.17875610816372667,0.0384210400023246,-0.24123711086811994,0.11739131235362399,-0.24910717425738393,0.010465105834556954,-0.10909085298188248,-0.9014516148716212,-0.9,-0.9,-0.9,-0.9014516131952405,-0.9014516131952405,-0.9,-0.8985483868047596,-0.9,-0.9029032257618382,-0.9,-0.9,-0.9,-0.9232258044183255,-0.9,-0.9
-0.2054696222077097,-0.2377459777317419,0.4251486995200252,-0.12249638018398468,-0.8327017899518291,0.550048506141302,-0.5323425120053731,-0.17794465383020563,0.036842097736784596,-0.24201030452061068,0.11781666039634786,-0.27321431874478763,-2.495078044173482e-08,-0.09545446050073758,-0.9029032297432423,-0.9,-0.9,-0.9,-0.902903226390481,-0.9014516131952405,-0.9,-0.9,-0.9,-0.9014516128809191,-0.9,-0.9014516128809191,-0.9,-0.9232258044183255,-0.9,-0.9
-0.2054696222077097,-0.2377459777317419,0.4251486995200252,-0.12249638018398468,-0.8327017899518291,0.5500277205090517,-0.5323425120053731,-0.17929684847073457,0.03736842040536348,-0.24201030452061068,0.11866732445860373,-0.2571428877634082,0.005232540441888367,-0.09545446050073758,-0.9043548446148634,-0.9,-0.9,-0.9,-0.9,-0.9014516131952405,-0.9,-0.9,-0.9,-0.9,-0.9,-0.9,-0.9,-0.9116129022091627,-0.9,-0.9
-0.20543564528204827,-0.2377459777317419,0.4251486995200252,-0.12250883353409414,-0.8327017899518291,0.550069291773552,-0.5323425120053731,-0.18010821683600342,0.0384210400023246,-0.24162370385385956,0.1169660043398898,-0.24910717425738393,-2.495078044173482e-08,-0.08181809409843599,-0.9058064594864845,-0.9014516115188599,-0.9,-0.9,-0.902903226390481,-0.9014516131952405,-0.9,-0.9,-0.9,-0.9,-0.9,-0.9,-0.9043548387475312,-0.9232258044183255,-0.8970967744477093,-0.9
-0.20550359913337124,-0.23775999964320849,0.42513217725386176,-0.12252128688420372,-0.8327017899518291,0.5500277205090517,-0.5323425120053731,-0.17848556607371813,0.0384210400023246,-0.2427834981731013,0.11611532426603766,-0.27321431874478763,-0.010465130785337506,-0.10227265674131003,-0.9043548446148634,-0.9014516115188599,-0.9,-0.9,-0.9,-0.9,-0.9,-0.9,-0.9,-0.9029032257618382,-0.9,-0.9,-0.9043548387475312,-0.9232258044183255,-0.9,-0.9
-0.2054696222077097,-0.2377459777317419,0.4251486995200252,-0.12250883353409414,-0.8327017899518291,0.5500277205090517,-0.5323425120053731,-0.17956730459249093,0.03999999513796293,-0.242396901346856,0.1169660043398898,-0.2571428877634082,-2.495078044173482e-08,-0.10227266978073168,-0.9029032297432423,-0.9014516115188599,-0.9,-0.9,-0.902903226390481,-0.9014516131952405,-0.9,-0.9,-0.9,-0.9029032257618382,-0.9,-0.9,-0.9,-0.9232258044183255,-0.9,-0.9
-0.20543564528204827,-0.2377459777317419,0.42513217725386176,-0.12253374023431318,-0.8327017899518291,0.5500277205090517,-0.5323425120053731,-0.17821519592021418,0.03736840753526516,-0.2427834981731013,0.11654067230876153,-0.2571428877634082,-0.005232577868058863,-0.10909085298188248,-0.9058064594864845,-0.9014516115188599,-0.9,-0.9,-0.9043548395857215,-0.9014516131952405,-0.9,-0.9,-0.9,-0.9014516128809191,-0.9,-0.9,-0.9087096774950624,-0.9232258044183255,-0.9,-0.9
-0.20550359913337124,-0.2377459777317419,0.42513217725386176,-0.12250883353409414,-0.8327018294232904,0.5500277205090517,-0.5323425120053731,-0.17983776071424717,0.03947365959928584,-0.24162370385385956,0.11781665239054984,-0.2651786032540979,-0.005232577868058863,-0.10909083994246083,-0.9058064594864845,-0.9029032230377197,-0.9,-0.9,-0.9043548395857215,-0.9,-0.9,-0.9,-0.9,-0.9014516128809191,-0.9,-0.9,-0.9,-0.9232258044183255,-0.9,-0.9
-0.20553757605903267,-0.2377459777317419,0.4251486995200252,-0.12250883353409414,-0.8327017899518291,0.5500277205090517,-0.5332398585979552,-0.17929693443898698,0.031052625603007034,-0.24471648998533946,0.11696598832829397,-0.24107146075135955,-0.005232577868058863,-0.09545444746131582,-0.9058064594864845,-0.9043548345565796,-0.9,-0.9,-0.9014516131952405,-0.902903226390481,-0.9,-0.9,-0.9,-0.9,-0.9,-0.9014516128809191,-0.9,-0.9232258044183255,-0.9,-0.9
-0.20553757605903267,-0.2377459777317419,0.4251486995200252,-0.12252128688420372,-0.8327017899518291,0.5500277205090517,-0.5336670966395827,-0.18119004132302852,0.028947360668888145,-0.24201030452061068,0.11909264047813617,-0.24910717425738393,-2.495078044173482e-08,-0.10227265674131003,-0.9058064594864845,-0.9,-0.9,-0.9014516131952405,-0.9043548395857215,-0.9014516131952405,-0.9,-0.9,-0.9,-0.9,-0.9,-0.9,-0.9130645162425935,-0.9232258044183255,-0.9,-0.9
-0.20553757605903267,-0.2377459777317419,0.42516522178618865,-0.12252128688420372,-0.8327225124690346,0.5500277205090517,-0.5340092456855098,-0.18091949923301986,0.024210508132071706,-0.24548968363783008,0.11866731645280593,-0.24910717425738393,-0.010465130785337506,-0.08863626426016513,-0.9058064594864845,-0.9043548345565796,-0.9,-0.9,-0.9058064527809621,-0.902903226390481,-0.9,-0.9,-0.9,-0.9,-0.9,-0.9,-0.9,-0.9232258044183255,-0.9,-0.9
-0.20553757605903267,-0.2377459777317419,0.42513217725386176,-0.12252128688420372,-0.8327017899518291,0.550048506141302,-0.5340521161948376,-0.18091958520127227,0.02263156586653159,-0.24394329633284872,0.11866730844700812,-0.24107146075135955,-0.005232577868058863,-0.08863626426016513,-0.9058064594864845,-0.9043548345565796,-0.9,-0.9,-0.9058064527809621,-0.9043548395857215,-0.9,-0.9,-0.9,-0.9029032257618382,-0.9,-0.9,-0.9087096774950624,-0.9174193533137441,-0.9,-0.9
-0.20557155298469465,-0.2377459777317419,0.42516522178618865,-0.12253374023431318,-0.8326811069060848,0.5500277205090517,-0.5341375312020158,-0.18064912907951602,0.021052623600991693,-0.24510308489133192,0.11781665239054984,-0.24107146075135955,-2.495078044173482e-08,-0.08863626426016513,-0.9058064594864845,-0.9014516115188599,-0.9,-0.9,-0.9043548395857215,-0.9043548395857215,-0.9,-0.9,-0.9,-0.9014516128809191,-0.9,-0.9,-0.9,-0.9232258044183255,-0.9,-0.9
-0.2056395068360184,-0.2377459777317419,0.4251486995200252,-0.12253374023431318,-0.8327017899518291,0.5500277205090517,-0.5342656537127826,-0.17983776071424717,0.018947358666872804,-0.242783502013607,0.11739132836521982,-0.24910717425738393,-0.010465130785337506,-0.10909083994246083,-0.9058064594864845,-0.9029032230377197,-0.9,-0.9,-0.9043548395857215,-0.9014516131952405,-0.9,-0.9,-0.9,-0.9029032257618382,-0.9,-0.9014516128809191,-0.9043548387475312,-0.9232258044183255,-0.9,-0.9
-0.20567348376168026,-0.23775999964320849,0.42513217725386176,-0.12253374023431318,-0.8327017899518291,0.5500277205090517,-0.5343937762235481,-0.18037867295775967,0.018421035998294144,-0.24587628238432835,0.11781665239054984,-0.24107145975902688,-1.2475390276378562e-08,-0.10227265674131003,-0.9058064594864845,-0.9029032230377197,-0.9,-0.9,-0.9043548395857215,-0.902903226390481,-0.9,-0.9014516115188599,-0.9,-0.9014516128809191,-0.9,-0.9,-0.9,-0.9232258044183255,-0.9,-0.9
-0.20567348376168026,-0.23775999964320849,0.42513217725386176,-0.12253374023431318,-0.8327017899518291,0.5500277205090517,-0.5344791912307263,-0.18010821683600342,0.016315771064175255,-0.24703607862382293,0.11739132035942179,-0.22500003274697822,-2.495078044173482e-08,-0.10227265674131003,-0.9058064594864845,-0.9043548345565796,-0.9,-0.902903226390481,-0.9043548395857215,-0.902903226390481,-0.9,-0.9,-0.9,-0.9014516128809191,-0.9,-0.9014516128809191,-0.9,-0.9232258044183255,-0.9,-0.9
-0.20567348376168026,-0.23780206537760828,0.42511565498769854,-0.12253374023431318,-0.8326811069060848,0.5500277205090517,-0.5346073137414931,-0.18037867295775967,0.013684196331575915,-0.24742267545006824,0.11951797250926421,-0.21696431824862117,-0.005232577868058863,-0.10227265674131003,-0.9058064594864845,-0.9043548345565796,-0.9,-0.9,-0.9043548395857215,-0.9014516131952405,-0.9,-0.9,-0.9,-0.9014516128809191,-0.9,-0.9,-0.9043548387475312,-0.9232258044183255,-0.9,-0.9
-0.20567348376168026,-0.23781608728907488,0.42513217725386176,-0.12252128688420372,-0.8326811069060848,0.5500277205090517,-0.5348635587630254,-0.18037867295775967,0.0173684035312347,-0.24471648998533946,0.11951797250926421,-0.22500003274697822,-1.2475390276378562e-08,-0.10227264370188838,-0.9058064594864845,-0.9058064460754395,-0.9,-0.9,-0.9043548395857215,-0.9043548395857215,-0.9,-0.9,-0.9,-0.9029032257618382,-0.9,-0.9,-0.9,-0.9232258044183255,-0.9,-0.9
-0.20567348376168026,-0.2378441311120082,0.42513217725386176,-0.12252128688420372,-0.8327018294232904,0.5500277205090517,-0.5350770962809692,-0.18010821683600342,0.015789461265694582,-0.24703607862382293,0.11781666039634786,-0.21696431924095394,-0.005232577868058863,-0.08863626426016513,-0.9058064594864845,-0.9043548345565796,-0.9,-0.9,-0.9058064527809621,-0.9058064527809621,-0.9,-0.9,-0.9,-0.9,-0.8985483870143071,-0.9,-0.9087096774950624,-0.9232258044183255,-0.9,-0.9
-0.20567348376168026,-0.23785815302347468,0.42513217725386176,-0.12252128688420372,-0.8326811069060848,0.5500277205090517,-0.5350770962809692,-0.18091958520127227,0.016842093732754027,-0.24626288305107935,0.11781666039634786,-0.22500003175464556,-0.015697683702615928,-0.09545446050073758,-0.9058064594864845,-0.9058064460754395,-0.9,-0.9,-0.902903226390481,-0.9043548395857215,-0.9,-0.9014516115188599,-0.9,-0.9014516128809191,-0.9,-0.9,-0.9043548387475312,-0.9232258044183255,-0.9,-0.9
-0.20574143761300323,-0.23785815302347468,0.42511565498769854,-0.12253374023431318,-0.8327017899518291,0.5500277205090517,-0.5350770962809692,-0.1811899553547761,0.016842093732754027,-0.24858246784905713,0.11781666039634786,-0.21696431824862117,-2.495078044173482e-08,-0.08181809409843599,-0.9058064594864845,-0.9043548345565796,-0.9,-0.9014516131952405,-0.9014516131952405,-0.902903226390481,-0.9,-0.9014516115188599,-0.9,-0.9014516128809191,-0.9,-0.9,-0.9043548387475312,-0.9174193533137441,-0.9,-0.9
-0.20655792129226347,-0.232386637261089,0.42528089340733477,-0.12253374023431318,-0.8327225124690346,0.5499445705459903,-0.5352057078089526,-0.20634022547180086,0.2942105107060914,-0.3746133990132068,0.15439509498639048,-0.18482146124752585,0.026162777061782827,-0.10227264370188838,-0.9058064594864845,-0.9043548345565796,-0.9014516131952405,-0.8985483884811402,-0.9014516131952405,-0.9014516148716212,-0.9,-0.9014516115188599,-0.9,-0.9,-0.9,-0.9,-0.9174193549901247,-0.9232258044183255,-0.9,-0.9
-0.20703359825152767,-0.18336715866747255,0.42506608818920866,-0.12253374023431318,-0.8327225914119574,0.5499861442885111,-0.5352911228161308,-0.15414670730608837,0.007894714947415005,-0.23118556266169543,0.13525520162041615,-0.1928571757458829,0.010465105834556954,-0.08863629033900844,-0.9058064578101039,-0.9014516115188599,-0.9014516131952405,-0.8970967769622803,-0.897096773609519,-0.8985483901575207,-0.8956451604142786,-0.8970967719331384,-0.9,-0.9014516128809191,-0.9,-0.9,-0.9130645162425935,-0.9174193533137441,-0.9029032261809334,-0.9
-0.20716950595417483,-0.12169293173460949,0.4248182305597542,-0.12248383177013367,-0.8326397408145962,0.5499861442885111,-0.5352911228161308,-0.16063696648222014,0.05052631337350777,-0.26095360109349097,0.12121928462218057,-0.23303574724533516,0.0,-0.10909083994246083,-0.8956451637670398,-0.8941935438662768,-0.9,-0.8970967769622803,-0.9043548412621022,-0.9029032280668616,-0.9014516131952405,-0.9029032213613392,-0.9,-0.9014516128809191,-0.9,-0.9,-0.9,-0.9116129022091627,-0.89419354920974,-0.8941935484763235
-0.20757722906211518,-0.07190181986036082,0.42473561922893766,-0.1224464717198046,-0.832619057768852,0.5500069323987814,-0.5354194083326367,-0.0640925988880866,-0.07210526607812762,-0.18092782739033142,0.15652175514203048,-0.2330357462530026,-0.03139536116753683,-0.07499989785786354,-0.8985483951866627,-0.8956451587378979,-0.9043548379093409,-0.9029032280668616,-0.9043548395857215,-0.9029032280668616,-0.9014516131952405,-0.9029032213613392,-0.9,-0.9029032257618382,-0.8985483870143071,-0.9,-0.9,-0.9058064511045814,-0.891290323343128,-0.8941935484763235
-0.20757774779380456,-0.0306126424657871,0.42476866376126454,-0.11828467618965965,-0.8326604238603406,0.5500277205090517,-0.5354194083326362,-0.02758420327632649,-0.0889473662459308,-0.1882731843712686,0.21224009910964325,-0.22500003175464556,-1.2475390276378562e-08,-0.0613635444949836,-0.9029032314196229,-0.8941935438662768,-0.9043548379093409,-0.8970967769622803,-0.8985483884811402,-0.9000000016763806,-0.8985483868047596,-0.897096773609519,-0.9,-0.9014516128809191,-0.9,-0.9,-0.9130645162425935,-0.9232258044183255,-0.9029032258666121,-0.9
-0.2074755576509748,0.002314846323150488,0.42485128297108254,-0.10269688440206826,-0.8327432349862403,0.5498406349506791,-0.5357183608577581,-0.0678786407196651,0.08157894541156407,-0.26520618130418094,0.21947071161562814,-0.18482146124752585,0.05755813199162463,-0.04090902097037463,-0.8666129082441331,-0.7896774172782898,-0.8230645123869181,-0.7562903221696615,-0.7795161299407483,-0.7983870998024941,-0.8216129008680583,-0.8375806443393231,-0.9,-0.9014516128809191,-0.8985483870143071,-0.9,-0.9174193549901247,-0.9232258044183255,-0.9116129034664482,-0.9
-0.2077813499819302,0.02895709357529741,0.42483475282591765,-0.0853648630892,-0.8328053630663957,0.5497782730978878,-0.536444877435985,0.03001796449912353,0.0689473686769494,-0.250128860914797,0.2883743165250182,-0.10446431725628857,0.08372092152879762,0.04090916440401304,-0.7998387180268764,-0.6183871105313301,-0.6764516115188599,-0.48193548023700716,-0.5370967783033849,-0.5748387180268765,-0.64741934761405,-0.6953225813806057,-0.9,-0.9,-0.8985483870143071,-0.9,-0.9174193549901247,-0.9232258044183255,-0.9116129034664482,-0.9
-0.2079520127077723,0.04319714745083514,0.42485128297108254,-0.05742905181734437,-0.8328467291578843,0.549736696877347,-0.5380257070917279,0.07085340015422714,0.05999999270694423,-0.25012885707429133,0.2883743165250182,-0.032142889748073555,0.10465115814869208,0.1431819254606964,-0.6837096825242043,-0.39483870863914494,-0.46451612189412117,-0.14080645814538006,-0.28741936236619947,-0.3454838767647743,-0.46596774011850356,-0.5530645117163658,-0.9,-0.9,-0.8941935480572284,-0.9,-0.9174193549901247,-0.9232258044183255,-0.9116129034664482,-0.9
-0.2081898511874043,0.045820689901235334,0.4249008576485741,-0.02594222955316272,-0.8329915499495554,0.5496743350245564,-0.5399486857933986,0.15603959926949906,0.12947366474732502,-0.2609536008534594,0.39810966032413553,0.032142822269451865,0.12558139476858654,0.2727273541248748,-0.5762903362512588,-0.19016129672527315,-0.2656451895833015,0.1306451775133609,-0.1379032149910927,-0.22209677696228025,-0.36580645143985746,-0.4906451694667339,-0.9,-0.9,-0.8956451610429212,-0.9,-0.9174193549901247,-0.9232258044183255,-0.9,-0.9
-0.20846166659269794,0.04509117587374922,0.4249173799147373,0.009631668140506311,-0.833115766638405,0.5496535493923062,-0.5422561950331065,0.21607578617250345,0.11526314574717056,-0.25438143752501285,0.469139917383368,0.12053568075904597,0.1308139508047127,0.3954546256667454,-0.5182258151471615,-0.09000003486871722,-0.15387095510959625,0.26564515605568884,-0.04209680110216141,-0.14225806295871735,-0.2961290448904037,-0.43983869925141333,-0.8985483871190809,-0.9,-0.8956451610429212,-0.8985483871190809,-0.9174193549901247,-0.9232258044183255,-0.9029032258666121,-0.9
-0.20934532602574762,0.033292219043307814,0.42486780523724577,0.05198399084346006,-0.8331984988213823,0.5496743350245564,-0.5449055273072654,0.1976863173216189,0.04789471933576117,-0.21688143208429655,0.49083178692451457,0.17678567728588168,0.11511627645863942,0.518181949366303,-0.4877419464290142,-0.0667742505669594,-0.11032258272171025,0.3193547822535038,0.026129047572612807,-0.07838712930679326,-0.24677419960498814,-0.409354817122221,-0.9,-0.9,-0.8941935480572284,-0.8985483871190809,-0.9174193549901247,-0.9232258044183255,-0.9,-0.9
-0.2311367255696095,-0.0011223951422818512,0.42481823055975443,0.11075857485509066,-0.833115766638405,0.5497574849876176,-0.5444355817620488,0.09140617410615215,-0.033684219640753854,-0.1824742204560713,0.3751418107012007,0.11249996129902573,0.08895348068377118,0.4090909920690472,-0.48193550035357474,-0.06387102752923968,-0.1059677347540855,0.32370961681008337,0.018870963156223275,-0.09000002145767216,-0.2554838821291924,-0.42241933420300487,-0.9,-0.9,-0.8970967740286142,-0.8985483871190809,-0.9174193549901247,-0.9232258044183255,-0.9058064517332242,-0.9
-0.2942326546209473,-0.043982909680426285,0.42495041656806254,0.21269542464550695,-0.8329708669038112,0.5497574849876176,-0.5430681266185116,-0.016496447935095082,0.0473684095372805,-0.2582474134684778,0.2781663637895412,0.00803568373604402,0.08895348068377118,0.22500012387450596,-0.5037096731364727,-0.07838714271783831,-0.14080645143985748,0.28016127124428747,-0.053709693253040314,-0.16258065104484554,-0.3150000348687172,-0.46016127392649653,-0.9,-0.9,-0.8956451610429212,-0.8970967742381618,-0.9174193549901247,-0.9232258044183255,-0.9029032258666121,-0.9
-0.3964570337423432,-0.07755575426867756,0.42513217725386176,0.37314543315899307,-0.8328467291578843,0.5496743350245564,-0.5414869709512912,-0.30964556626857953,0.08052630007440631,-0.36649484021870427,-0.031899795257055774,-0.07232146223985858,0.12558139164973892,0.02045462783998253,-0.525483886152506,-0.11177420765161517,-0.18435482382774349,0.22645161822438242,-0.09870969057083134,-0.20322580039501192,-0.34983872473239896,-0.4877419464290142,-0.9,-0.9,-0.8941935480572284,-0.8985483871190809,-0.9174193549901247,-0.9232258044183255,-0.9087096775998361,-0.9
-0.5226831281365245,-0.09338116719925249,0.42498346897939066,0.5256083762563727,-0.8326397802860577,0.5497366993553673,-0.5407606173788031,-0.2412260562895281,-0.07736841876085099,-0.2768041158554604,-0.03445178644309921,-0.1607143187447876,0.08372092776649254,-0.08863629033900844,-0.6009677655994892,-0.2627419397234917,-0.338225819170475,0.02758065238595009,-0.1988709792494774,-0.27435484528541565,-0.4108064353466034,-0.5240322746336461,-0.9,-0.9014516128809191,-0.8970967740286142,-0.8985483871190809,-0.9174193549901247,-0.9232258044183255,-0.9058064517332242,-0.9
-0.6440131734794385,-0.10589561614571374,0.42486780523724577,0.6607641096773619,-0.8324328708856923,0.5498822111712195,-0.5415296784548798,-0.26962137002636655,-0.17421053172725187,-0.19793813671157412,-0.1875708833346561,-0.3053571717765522,-6.2376950271669784e-09,-0.14999992610994384,-0.7780645284801722,-0.596612910926342,-0.6445161212235689,-0.4311290502548218,-0.4717741996049881,-0.5037096865475178,-0.5893548265099526,-0.6488709792494773,-0.9,-0.9,-0.8985483870143071,-0.9,-0.9174193549901247,-0.9232258044183255,-0.9058064517332242,-0.8970967742381618
-0.737296952566597,-0.13279039160112482,0.42476866376126454,0.785939195963551,-0.8322672486338927,0.5487597027770231,-0.5413588484405245,-0.3826623145079736,-0.2757894739034161,-0.12525772118950973,-0.3670604830959979,-0.41785716582255616,-0.08895349939685648,-0.19090900575771597,-0.8840322632342578,-0.825967738777399,-0.8549999993294478,-0.8070967789739371,-0.814354843273759,-0.815806444734335,-0.8317741915583611,-0.8390322592109442,-0.9,-0.9,-0.8985483870143071,-0.9,-0.9174193549901247,-0.9232258044183255,-0.9,-0.9
-0.798455159391838,-0.1723960030416487,0.42481823055975443,0.8624696905104833,-0.8321638334051713,0.5054600923873059,-0.5414017189498522,-0.4859676123206261,-0.24526315890327088,-0.156185559461274,-0.5439981026792684,-0.47410717028805316,-0.09418606478952518,-0.27954538085296543,-0.9885483934893273,-0.9899999996647239,-0.9551612888462842,-0.9508064538706095,-0.8985483868047596,-0.8985483884811402,-0.8927419323474169,-0.8985483868047596,-0.8898387096240186,-0.8854838714003563,-0.8854838714003563,-0.8811290326528252,-0.8520967737771571,-0.870967741124332,-0.8622580644674599,-0.879677420295775
-0.8277596093604547,-0.20491666908244344,0.4249008576485741,0.8581833614792419,-0.8322466050596098,0.3532774491706737,-0.5436236501766438,-0.5030048435468553,-0.17052631809254393,-0.21456184536606593,-0.466587901179206,-0.38571431179845883,-0.010465130785337506,-0.23863628164606066,-0.987096780713182,-0.9870967741124332,-0.9493548369035125,-0.9450000023469329,-0.9058064527809621,-0.9058064527809621,-0.9,-0.9029032230377197,-0.8985483871190809,-0.8927419355954044,-0.8941935480572284,-0.8883870967430995,-0.8651612900197506,-0.8767741922289133,-0.8709677428007127,-0.879677420295775
-0.850842391445307,-0.22316918390602125,0.4242894865265222,0.8038195449362077,-0.8299288013780277,0.17105739258004682,-0.5446065747821434,-0.42430894659184115,-0.0926315863156878,-0.27603091956262205,-0.3921550008803709,-0.2812500302661465,-0.05755814446701468,-0.21136356840059012,-0.9870967808179557,-0.9841935477219522,-0.9479032245464624,-0.9420967763755471,-0.9072580659762025,-0.914516131952405,-0.9,-0.9058064460754395,-0.8985483871190809,-0.8956451613572426,-0.892741935281083,-0.8912903227144853,-0.8782258062623441,-0.8941935480572284,-0.8883870977908374,-0.8970967742381618
-0.85651965042095,-0.22531571377282644,0.3898711163438576,0.7185295920751483,-0.8028397742863955,0.11578438699012372,-0.5449055273072654,-0.4070012592438558,-0.08684210131181191,-0.31932989443926263,-0.2849716382600498,-0.1285714607513595,-0.026162789537172992,-0.19090901879713773,-0.9958064581034706,-0.9914516120217741,-0.9537096756510437,-0.9420967767946422,-0.9058064527809621,-0.9087096808478237,-0.8970967719331384,-0.9014516098424793,-0.8956451613572426,-0.8956451613572426,-0.8912903225049377,-0.8927419354906306,-0.9087096774950624,-0.9174193533137441,-0.9,-0.9
-0.8569273735288904,-0.2253718281780659,0.2801222666955866,0.6259626999454541,-0.7212210022909237,0.11541021587337819,-0.5423844805496125,-0.36832947256280246,-0.1136842099166796,-0.29884020408054757,-0.21649337538903513,-0.040178606231095815,0.047093019919372314,-0.21818174508202992,-0.9958064581034706,-1.0030645159073175,-0.9580645143985749,-0.9537096798419953,-0.8738709691911936,-0.86516128834337,-0.8651612866669893,-0.8579032206907868,-0.8709677428007127,-0.8666129039484076,-0.876774193905294,-0.8840322584146634,-0.9130645162425935,-0.9174193533137441,-0.9000000003143214,-0.9
-0.8534601709163274,-0.2256524269636363,0.14130863141463668,0.5541172317607531,-0.6459761608162067,0.11372646071614356,-0.4634174913851465,-0.3155949991694511,-0.051578952275616485,-0.33324741762902554,-0.16800566194045274,0.0964285382563077,0.3087209215287975,-0.3613635694872086,-0.9987096838653088,-1.0277419343590737,-0.9696774166077375,-0.9754838727414609,-0.33967741057276724,-0.1843548506498337,-0.3164516262710094,-0.15967742130160334,-0.13064517751336102,-0.29612905704416337,-0.4601612781174481,-0.6024193490389735,-0.9174193549901247,-0.9232258044183255,-0.9,-0.9
-0.8200084610902237,-0.22612941278785836,0.027296737694172735,0.5334332629298305,-0.6350495130011099,0.1100679267699699,-0.23732787952354517,-0.17794486875083648,0.01999999113393225,-0.36146906755568176,-0.021691858533174457,0.21696425870866076,0.5284883592549764,-0.3068181136575685,-0.9987096838653088,-1.0277419343590737,-0.9696774166077375,-0.9754838727414609,-0.09580646753311162,0.136451616883278,-0.029032284021377586,0.16548390761017806,0.20322582721710203,-0.07838708111085002,-0.25258068339899187,-0.47903226264752446,-0.9174193549901247,-0.9232258044183255,-0.9,-0.9
-0.7598698214006789,-0.2269431653216366,-0.04505950537099279,0.548896426152584,-0.6357324087538228,0.06876388204045236,-0.03862893699610903,-0.13007800377133172,0.13631578221826024,-0.3865979332711109,0.08506617405746819,0.2973213739222508,0.5860464943654483,-0.08863627729958679,-0.9987096838653088,-1.0277419343590737,-0.9696774166077375,-0.9754838727414609,-0.04790324717760086,0.1770968198776245,0.013064530491828874,0.18725810721516611,0.15822578966617595,-0.1277419532183558,-0.29322580592706804,-0.49499998935498296,-0.9130645162425935,-0.9232258044183255,-0.9029032258666121,-0.9
-0.714724083732516,-0.22711150853735507,-0.09623267468849417,0.5756609570679468,-0.6357324087538228,-0.0834395494413267,0.0008973465925815605,-0.2001202074967946,0.20684209316074964,-0.37615978727831456,0.008081296582735709,0.2491071127327581,0.5180232440638767,-0.034090837769223836,-0.9987096838653088,-1.0277419343590737,-0.9754838685505093,-0.9754838727414609,-0.03338713198900223,0.18580648899078367,0.023225811123847917,0.18580649569630625,0.12048386335372918,-0.16403226801194248,-0.3280644957907498,-0.5109677294734866,-0.9174193549901247,-0.9232258044183255,-0.9,-0.9
-0.7053752418586497,-0.22705536737274257,-0.14985131273619945,0.6033972295468243,-0.6357324087538228,-0.24318871059436664,-0.0004274010473667156,-0.10600960112545821,0.17684210002480205,-0.2934278283504579,0.017013249221929816,0.24107139327273786,0.4604651058345569,0.006818261437680828,-0.9987096838653088,-1.0277419343590737,-0.9754838685505093,-0.9754838727414609,-0.027580685913562775,0.18580648899078367,0.021774199604988054,0.1800000496208668,0.09145163297653203,-0.1901613155845553,-0.34838709728792305,-0.5196774388197809,-0.9174193549901247,-0.9232258044183255,-0.9029032258666121,-0.9
-0.7032676350042443,-0.22695713371435722,-0.1987442202271268,0.629962506860433,-0.6356496765708457,-0.30496807999035513,0.001580829655741911,-0.19092560202373088,0.10210527208417342,-0.2748711269236016,-0.055292991921989776,0.22499997023001972,0.4499999906434572,-0.1295453634670698,-0.9987096838653088,-1.0277419343590737,-0.9754838685505093,-0.9754838727414609,-0.024677462875843048,0.18580648899078367,0.021774199604988054,0.1800000496208668,0.09435485601425175,-0.1901613155845553,-0.34838709728792305,-0.5211290503386408,-0.9174193549901247,-0.9232258044183255,-0.9058064517332242,-0.9
-0.6960263999847831,-0.22680286592885135,-0.22589228116283422,0.6700219871870973,-0.6355461823992018,-0.3137194754529341,0.0029484478050177954,-0.23230173500171603,0.033684200335606373,-0.21030927067610283,-0.12377125879590345,0.1767856852245432,0.3453488278164941,-0.1840908421156977,-0.9987096838653088,-1.0277419343590737,-0.9754838685505093,-0.9754838727414609,-0.040645189583301544,0.1727419853210449,0.0014516383409499678,0.1683871574699879,0.11032258272171014,-0.16838710256852207,-0.3324193303473294,-0.5167742157820612,-0.9130645162425935,-0.9232258044183255,-0.9058064517332242,-0.9
-0.6915051345791723,-0.22554017139378435,-0.2518176156124412,0.7268279912439953,-0.6353392335273751,-0.313573966115102,0.003418230344495732,-0.33182099098278994,-0.024736843670748798,-0.13144328961196372,-0.2819943220479514,0.024107102809431402,0.2040697602612579,-0.2863635640541161,-0.9987096838653088,-1.0277419343590737,-0.9754838685505093,-0.9754838727414609,-0.0740322545170784,0.13935483992099773,-0.03483875691890714,0.13790320828557012,0.10741935968399041,-0.16112904497422276,-0.3309677054174245,-0.5167742157820612,-0.9174193549901247,-0.9232258044183255,-0.9087096775998361,-0.9
-0.6903491410091397,-0.2152985565548201,-0.3006444497967182,0.7728435001540027,-0.6352771054472196,-0.3135116191304316,0.0037602163846846004,-0.41132821331894664,0.06526315504224134,-0.1469072125883516,-0.3632325098267166,0.008035679766713377,0.1517441811869119,-0.3272726632610209,-0.9987096838653088,-1.0277419343590737,-0.9769354814314284,-0.9754838727414609,-0.11322581917047503,0.09580646753311162,-0.08564516007900236,0.09870969727635381,0.0885484099388123,-0.16838710256852207,-0.3396774147637188,-0.5225806618575006,-0.9174193549901247,-0.9232258044183255,-0.9058064517332242,-0.9
-0.6817822871571824,-0.18279193918486492,-0.3742399337351462,0.7877832424171874,-0.6351736507470369,-0.31344923249743983,0.003290270839467646,-0.36616599552525697,-0.10789474421795109,-0.014690702440357195,-0.4767958339001883,-0.08839288726724193,0.10465115814869208,-0.42954538845929474,-0.9987096838653088,-1.0277419343590737,-0.9754838685505093,-0.9754838727414609,-0.17129033356904988,0.03774192631244655,-0.13500000536441803,0.06387096717953678,0.14516128599643718,-0.09580644615925848,-0.283064525295049,-0.5051612833980471,-0.9174193549901247,-0.9232258044183255,-0.9058064517332242,-0.9
-0.6451012131981474,-0.14428065230431653,-0.4532386478120644,0.7743013976904999,-0.6349874243924157,-0.31326213207094666,0.0024781762483243597,-0.29801685569970937,-0.1631578972581772,0.11481960688088566,-0.5456994227979826,-0.1366071742573839,-1.2475390276378562e-08,-0.43636357492030087,-0.9987096838653088,-1.0277419343590737,-0.9769354814314284,-0.9754838727414609,-0.24387098997831347,-0.049354872107505776,-0.20322582721710203,0.018870956450700804,0.2395161151885986,0.03338708630762999,-0.1843548481352627,-0.45725806974805894,-0.9174193549901247,-0.9232258044183255,-0.9116129034664482,-0.9
-0.5551824465807217,-0.09140298054816587,-0.5270984880091053,0.7347028814453737,-0.6347597530033835,-0.3130750712927748,-0.00012828551650645448,-0.2915265105553253,-0.2215789527269636,0.17706186104813082,-0.567391312353624,-0.14464288875574083,-0.06279070985968349,-0.41590902531684854,-0.9987096838653088,-1.0277419343590737,-0.9798387071932666,-0.9754838727414609,-0.31064518690109255,-0.13064517080783844,-0.2729032337665558,-0.049354865401983306,0.25838711857795726,0.0929032390471548,-0.14225810067728162,-0.4369355017784983,-0.9174193549901247,-0.9232258044183255,-0.9116129034664482,-0.9
-0.4295012798263514,-0.028606438751140217,-0.5909617032202146,0.665075345408822,-0.6345942096945066,-0.312929581779103,-0.05179018335972263,-0.22418869611092052,-0.1652631589747714,0.20798970700090658,-0.48445179444889713,-0.17678574674916891,-0.1098837110659705,-0.3954544757133962,-0.9987096838653088,-1.0277419343590737,-0.9812903200741857,-0.9754838727414609,-0.4064516007900238,-0.2627419397234917,-0.38177417814731596,-0.17274191156029706,0.2279032230377197,0.11903224638663235,-0.13790323929861192,-0.4108064542058855,-0.9174193549901247,-0.9232258044183255,-0.9087096775998361,-0.9
-0.3032072315808453,0.04311301598203554,-0.636483863559786,0.5942515272518166,-0.6344494283742967,-0.31278403279294986,-0.10554556390748737,-0.1738882418451232,-0.11052632538559959,0.2512886744365673,-0.3844990493381847,-0.1928571757458829,-0.14651161891309072,-0.2727271976518145,-0.9987096838653088,-1.0277419343590737,-0.9812903200741857,-0.9754838727414609,-0.5254838727414608,-0.4253225907683373,-0.5095161326229573,-0.33241937980055813,0.11612904220819475,0.08709676614962514,-0.18725809799507265,-0.40209678509272634,-0.9130645162425935,-0.9232258044183255,-0.9087096775998361,-0.9
-0.20757774779380456,0.1268136588759724,-0.6684732715204071,0.54689029602004,-0.6344701114200411,-0.3128256040574505,-0.11011787488331515,-0.07653250588572091,-0.24736842383738966,0.35914952308301384,-0.2577504658240227,-0.14464288875574083,-0.1360465006031435,-0.11590903618303328,-0.9987096838653088,-1.0262903214781545,-0.9798387070884929,-0.9754838727414609,-0.8288709710352123,-0.7998387096449733,-0.8085483821108937,-0.7577419303357601,-0.624193554930389,-0.551612908160314,-0.6779032272286714,-0.6895161239895969,-0.9087096774950624,-0.9116129013709724,-0.8941935483715497,-0.8854838707717135
-0.1507709217458656,0.20328911049614085,-0.6810971968333559,0.5409592692006572,-0.63438726082268,-0.3128048085131201,-0.11097235096657054,-0.16604578802846237,-0.40578947660256176,0.388530943325751,-0.3674858171285754,-0.21696431924095394,-0.15174418430575942,-0.17727265891454702,-0.9145161353051663,-0.9406451627612115,-0.9072580598993227,-0.9290322605520487,-0.9217741945758462,-0.9232258111238479,-0.902903226390481,-0.8956451620906591,-0.8753225811291486,-0.8637096776627005,-0.8637096785008908,-0.8753225811291486,-0.8695161287672818,-0.8666129023768008,-0.8593548397533596,-0.8550000016344711
-0.13343309312213547,0.2315307387147919,-0.6823694979969476,0.5686708251067983,-0.6343666172483969,-0.31278403279294986,-0.11528841692086611,-0.15279446968143318,-0.36210526461236636,0.3819587780770518,-0.3245274030723371,-0.2008928892519073,-0.14651161891309072,-0.17045446267397446,-0.9929032322368585,-1.0190322570735588,-0.9667741910554469,-0.9725806469796225,-0.9232258077710868,-0.92903226390481,-0.9101612873375416,-0.9043548345565796,-0.8695161287672818,-0.8550000010058284,-0.8622580636292696,-0.8666129032149911,-0.8825806450098753,-0.8767741930671037,-0.8680645164102316,-0.869516129186377
-0.13336513927081206,0.2261573763326724,-0.6826669460618966,0.611670912142935,-0.6343044891682416,-0.3129503376751127,-0.1776754403600045,-0.18064904311126373,-0.4573684216387479,0.3846649520202635,-0.3900283517327029,-0.20089289024423984,-0.15174417183036937,-0.21818174508202992,-0.9987096838653088,-1.0248387085972355,-0.9711290298029781,-0.9740322598605416,-0.9232258077710868,-0.92903226390481,-0.9116128988564015,-0.9072580609470606,-0.8738709679339082,-0.8608064525295049,-0.8666129040531815,-0.873870967514813,-0.8782258062623441,-0.882580644171685,-0.8767741947434843,-0.8753225819673389
-0.13333116234515063,0.19293526684669782,-0.6826999433202141,0.644042492647347,-0.6341803514223145,-0.32648276556598155,-0.36235882344631154,-0.2144531783943443,-0.45263157714574287,0.40824743907184924,-0.42235349365648595,-0.24107146075135955,-0.20930231629738405,-0.18409082907627616,-0.9987096838653088,-1.0248387085972355,-0.9725806425791234,-0.9754838727414609,-0.9290322605520487,-0.9304838754236698,-0.9116128988564015,-0.9101612906903028,-0.8738709679339082,-0.8593548401724548,-0.8666129040531815,-0.8724193559959531,-0.8695161287672818,-0.8767741930671037,-0.8651612908579409,-0.8680645172484219
-0.13367119096761193,0.11958844084283082,-0.6826504001587287,0.6576864210529424,-0.6338906308960496,-0.4472768269391484,-0.5965245546411537,-0.22608180299496206,-0.36947368383797086,0.36572168833171326,-0.42235348602595985,-0.23303574327600451,-0.1308139539235601,-0.17045447571339611,-0.9987096838653088,-1.0233870957163163,-0.9696774168172851,-0.9740322598605416,-0.9290322605520487,-0.9319354869425297,-0.9116128988564015,-0.911612905561924,-0.8796774194575846,-0.8666129044722766,-0.8695161296054721,-0.8782258071005344,-0.8651612900197506,-0.8593548389151693,-0.8564516133628786,-0.8622580644674599
-0.13404519651573576,0.03599997324062687,-0.6826008254812372,0.6582719186355773,-0.6334767726238575,-0.6671216320671831,-0.758560246377741,-0.20606968338179232,-0.2910526342188229,0.3657216729696905,-0.39513232209609295,-0.2250000307623129,-0.13081394768586507,-0.15681810931109463,-0.9885483935941011,-1.0117741929832846,-0.9609677401604131,-0.9667741955607199,-0.9290322605520487,-0.9333870984613896,-0.915967738442123,-0.911612905561924,-0.884032258100342,-0.8738709687720985,-0.8753225807100534,-0.8825806452194229,-0.8549999976530671,-0.8550000001676381,-0.8550000010058284,-0.8579032261390239
-0.13397724266441224,-0.03491975087023713,-0.6829478167076715,0.6584340023144849,-0.6276616395813499,-0.8030902754877125,-0.8094103756412915,-0.26962145599461884,-0.10473684681677276,0.26172681562873146,-0.4321361007259605,-0.2732143167601222,-0.30348836861151907,-0.21136355536116835,-0.9987096838653088,-1.0277419343590737,-0.9754838685505093,-0.9754838727414609,-0.9246774209663272,-0.9333870984613896,-0.9174193516373634,-0.9246774226427078,-0.8593548393342644,-0.8041935479734094,-0.8259677429683506,-0.7548387077171356,-0.3745161306113005,-0.3687096979469061,-0.5138709638267756,-0.5690322660841047
-0.13458934605801254,-0.06939053297981235,-0.6882849262655026,0.6575367907241444,-0.587783464299642,-0.8203228432815365,-0.81500799271473,-0.2855769487020752,-0.26315789797318256,0.32667528214424546,-0.5082703301500324,-0.37767859630776923,-0.30348836861151907,-0.23181810496462074,-0.9987096838653088,-1.0277419343590737,-0.9754838685505093,-0.9754838727414609,-0.9232258077710868,-0.9348387099802494,-0.9174193516373634,-0.9290322571992874,-0.8216129058972002,-0.7388709692750126,-0.7838709653355181,-0.6474193530622869,-0.06822581179440024,-0.06096774749457834,-0.2975806463509798,-0.394838719535619
-0.1349630922402919,-0.08308346471442163,-0.7042961288749716,0.6376379533325752,-0.503598573659273,-0.8219234658218505,-0.8567136630323628,-0.36805897345692007,-0.29578947549430323,0.23930414593942173,-0.583128541464776,-0.3937500312584792,-0.22499999999999998,-0.3340908399424608,-0.9987096838653088,-1.0277419343590737,-0.9754838685505093,-0.9754838727414609,-0.9232258077710868,-0.9348387099802494,-0.9174193516373634,-0.9290322571992874,-0.7809677431359887,-0.6459677415434271,-0.7214516130276024,-0.5370967770460993,-0.050806460157036826,-0.07548388950526719,-0.3135483730584383,-0.42677419977262615
-0.13499706916595378,-0.08459866069338007,-0.7367151630298481,0.5884201272333106,-0.4154610503513749,-0.823482477449343,-0.891667472639487,-0.429988052323335,-0.3242105327997601,0.2640463735431692,-0.6482041660998117,-0.4901786092080939,-0.17790697384293253,-0.45681811800404243,-0.9987096838653088,-1.0277419343590737,-0.9754838685505093,-0.9754838727414609,-0.9232258077710868,-0.9348387099802494,-0.9217741912230849,-0.933387096785009,-0.628548387810588,-0.25403226264752443,-0.4369354871101678,-0.08129033097065985,0.004354817792773247,-0.12774190418422227,-0.3483870897442103,-0.4848387074656785
-0.1350989999429386,-0.08385507123568092,-0.7745538786783646,0.5174717755752091,-0.3115130358448235,-0.8240437390805013,-0.8762417505512309,-0.4172777321880706,-0.3310526374005971,0.2733247588211488,-0.6243856203914291,-0.3937500233198178,-0.19883721046282699,-0.5181817537749778,-0.9987096838653088,-1.0277419343590737,-0.9754838685505093,-0.9754838727414609,-0.9246774209663272,-0.9348387099802494,-0.9203225780278445,-0.930483870394528,-0.5124193355441093,0.02758061341010032,-0.1887096826918423,0.2453226094599813,0.09580645076930527,-0.06096774749457834,-0.31354838646948335,-0.46451613949611786
0.06380918512439082,0.05910674536895588,-0.8232485032173291,-0.1742310188340287,-0.23030816159300493,-0.322200627960019,-0.5803721529689326,0.1381909996780012,-0.04315791184428852,0.259020626323497,0.02892250606452529,-0.08839288627490915,-0.005232571630363836,-0.1227271949352684,-0.9856451676227153,-1.0045161282643675,-0.9537096762796864,-0.9537096798419953,-0.9275806473568082,-0.9348387099802494,-0.9232258044183255,-0.9261290358379484,-0.7940322516253219,-0.6488709817640483,-0.6953225872479379,-0.5879032175056637,-0.5748387079685926,-0.5864516235888004,-0.6706451604142785,-0.7112903173081577
0.13030462230281248,0.10565700281642376,-0.8328486883633592,-0.4237338882802463,-0.2206438900546126,-0.15579958870704136,-0.49414113906236995,0.25258400984775886,-0.1357894852898781,0.3266752667822227,0.23435729267611982,-0.01607146273602489,0.04709302615706745,0.03409098120286225,-0.9624193623661995,-0.9740322570316494,-0.933387094270438,-0.9333870992995799,-0.9290322605520487,-0.9348387099802494,-0.9232258044183255,-0.9232258111238479,-0.8941935484763235,-0.888387096952647,-0.8825806458480656,-0.8869354837574065,-0.8564516125246883,-0.8129032250493765,-0.8216128991916776,-0.8216129050590099
0.13057695643979528,0.10609192290624614,-0.8328487198793655,-0.440318518459055,-0.2206438900546126,-0.15582037433929175,-0.49196175233342765,0.2312199534988172,-0.12684210931987305,0.3173969275903116,0.21862005555917008,-0.03214288577874291,0.03662791408481536,0.03409099424228401,-0.9566129104234279,-0.968225805927068,-0.9290322563610971,-0.9290322605520487,-0.9290322605520487,-0.9348387099802494,-0.9232258044183255,-0.9232258111238479,-0.8941935484763235,-0.8941935484763235,-0.8825806458480656,-0.8898387095192447,-0.8564516125246883,-0.8187096761539578,-0.8274193553254009,-0.8245161314494908
0.13815770135002958,0.10971155625823681,-0.8328486883633592,-0.43807558454694545,-0.2206025239631242,-0.15573723181029053,-0.44636806913182026,0.31262011078251073,-0.1005263169485352,0.3425257865848558,0.30283556555438207,-0.008035751214665932,0.03662790784712022,0.08181827665033947,-0.9551612980663776,-0.9682258067652584,-0.9261290308088065,-0.9290322605520487,-0.9290322605520487,-0.9348387099802494,-0.9232258044183255,-0.9232258111238479,-0.8941935484763235,-0.8941935484763235,-0.8825806458480656,-0.8898387095192447,-0.8564516125246883,-0.8129032250493765,-0.8245161272585392,-0.8274193578399718
0.17721845693460836,0.1184239799661494,-0.8326339067822377,-0.42068120141978765,-0.22056115787163566,-0.15577880307479097,-0.2885196688158067,0.30721150415689935,-0.058947366674934054,0.3115979790371374,0.26965974718437413,-3.572397633266888e-08,0.04186046700209389,0.04772736064458549,-0.9479032337665558,-0.9624193539842963,-0.9246774176135659,-0.9217741962522269,-0.9304838729090988,-0.9348387099802494,-0.9232258044183255,-0.9232258111238479,-0.8941935484763235,-0.8941935484763235,-0.8869354841765017,-0.8941935484763235,-0.8564516125246883,-0.8187096761539578,-0.8245161272585392,-0.8245161314494908
0.26397529453873625,0.12893217167921767,-0.8326339067822377,-0.39182336692111386,-0.22031272449393646,-0.15563328382487873,-0.05913962310899912,0.20606959741354014,-0.1800000102960787,0.3811855613815268,0.17013234811493605,-0.03214288577874291,-0.01046511830994723,0.03409099424228401,-0.9290322655811906,-0.9435483857989312,-0.9116129005327821,-0.9145161311142147,-0.9290322605520487,-0.9348387099802494,-0.9232258044183255,-0.9232258111238479,-0.8941935484763235,-0.8941935484763235,-0.8869354841765017,-0.8941935484763235,-0.8477419350296259,-0.8129032250493765,-0.8201612876728177,-0.8172580654732883
0.37092557871724685,0.13099451655847705,-0.8326173608790699,-0.3661429429114771,-0.22000236039338816,-0.15548776457496627,0.02892862848057909,0.08734967615281763,-0.10789473778290193,0.3757732288571264,0.16205105553509924,-0.04017860126943262,-0.07325582816963072,0.1704546582652996,-0.38612903952598576,-0.2975806497037411,-0.44564517214894295,-0.5487096671015024,-0.9348387099802494,-0.9348387099802494,-0.9232258044183255,-0.9232258111238479,-0.8941935484763235,-0.8941935484763235,-0.8854838714003563,-0.8912903225049377,-0.8608064512722194,-0.8012903194874526,-0.8158064480870962,-0.785322576854378
0.4271203013715853,0.13123299609090167,-0.832699964330885,-0.35689742368810984,-0.21389750682461572,-0.15473944216563573,0.020809801643749237,0.19633412268108985,-0.10052632981863341,0.3970361272702284,0.17608698053913285,-0.01607146273602489,-0.12034882937591784,0.25227283060026584,-0.03919361159205437,0.08274195045232768,-0.11903227865695953,-0.3135484300553799,-0.9333870976231993,-0.9348387099802494,-0.9232258044183255,-0.920322584733367,-0.8941935484763235,-0.8941935484763235,-0.888387096952647,-0.8927419354906306,-0.8651612900197506,-0.7954838667064905,-0.8129032250493765,-0.7635483839549124
0.4333414505236609,0.1311909035971287,-0.8327164787180467,-0.3572214009184428,-0.16601065097912893,-0.14765101622804133,0.009571370976066973,0.2882812949990071,-0.08368422321578117,0.41327318629152143,0.2398866010749866,0.024107106778762044,-0.026162802012563158,0.2318182679573918,-0.033387165516614914,0.09290323108434673,-0.10887098461389544,-0.29903228804469106,-0.9319354852661491,-0.9348387099802494,-0.9232258044183255,-0.920322584733367,-0.8941935484763235,-0.8941935484763235,-0.8869354841765017,-0.8941935484763235,-0.873870967514813,-0.8070967722684145,-0.8187096761539578,-0.7809677389450371
0.4343273000995401,0.12650504302684185,-0.8326008780079139,-0.3654202683501542,-0.08252937860867826,-0.1408744144225217,0.009913520021994304,0.18578719361511886,-0.34210526623900384,0.4623711637284479,0.07230626115841432,-0.1607143187447876,-0.03662790784712022,0.1636364489853056,-0.04790328070521355,0.09725806564092632,-0.1059677347540855,-0.26854841932654383,-0.9319354852661491,-0.9348387099802494,-0.9232258044183255,-0.920322584733367,-0.8941935484763235,-0.8941935484763235,-0.888387096952647,-0.8941935484763235,-0.8825806450098753,-0.8303225783631206,-0.8303225800395012,-0.8012903203256428
0.43456565731086194,0.09172559154939008,-0.8325347574272548,-0.3869265385432772,-0.05550247959720167,-0.13919065926528684,0.010298050560032523,0.19795677344337526,-0.46052631501802044,0.518041291052051,0.04040644288468964,-0.2330357462530026,-0.15697674969842823,0.12272734977840083,-0.040645196288824126,-0.023225797712802865,-0.20032259076833725,-0.47612904086709024,-0.9348387099802494,-0.9348387099802494,-0.9232258044183255,-0.9232258111238479,-0.8941935484763235,-0.8941935484763235,-0.888387096952647,-0.8941935484763235,-0.7388709671795368,-0.6024193603545427,-0.6808064494282007,-0.6416128990240395
0.43456539794501714,0.024187021258091912,-0.832485182749763,-0.403423805143836,-0.05508858185354826,-0.13729902796138904,0.010468880574387884,0.16415276711267335,-0.31947368066513415,0.4778350675023072,0.05784499611745497,-0.28125002828148116,-0.27209302615706743,0.08863643377264696,-0.05516133829951286,-0.36870968788862224,-0.4020967662334442,-0.7301612913608551,-0.9333870976231993,-0.9348387099802494,-0.9232258044183255,-0.911612905561924,-0.8941935484763235,-0.8941935484763235,-0.8869354841765017,-0.8941935484763235,-0.21048388816416264,0.0914516363292932,-0.18145160414278505,-0.18580645965412257
0.4340552253284017,-0.047518358044871034,-0.832501697136925,-0.41254469580236564,-0.055109264899292354,-0.13603101518540028,0.009870649512666918,0.19552284028407352,-0.25473685110680555,0.4844072327510066,0.10420606342054317,-0.23303574724533516,-0.30348838108690923,0.13636372922012419,0.008709648996591546,-0.39048387408256535,-0.3861290261149406,-0.7200000040233135,-0.9304838729090988,-0.9319354869425297,-0.918870964832604,-0.911612905561924,-0.8941935484763235,-0.8941935484763235,-0.888387096952647,-0.8927419354906306,-0.07258064635097983,0.2903225887566806,-0.02903226055204866,-0.040645173657685496
0.4321175031023049,-0.11452380134733453,-0.832584332104746,-0.4148622547513916,-0.05512994794503667,-0.13582312912665706,0.008503194369128497,0.21499404765373054,-0.31105263822285334,0.52190723627147,0.15099246275475997,-0.24910717624204926,-0.30872094647957793,0.19090919482933033,0.107419366389513,-0.30483872741460805,-0.3048387408256531,-0.6880645103752613,-0.9290322605520487,-0.9304838754236698,-0.9174193516373634,-0.911612905561924,-0.8941935484763235,-0.8941935484763235,-0.8869354841765017,-0.8941935484763235,-0.10306448824703696,0.3019354809075595,-0.014516131952404976,-0.0058064569719136205
0.42742609370254103,-0.17974749855610894,-0.8325016971369251,-0.41494942820215863,-0.0551713140365252,-0.13596865828864957,0.007905126313145772,0.1728065033263505,-0.2668421116078906,0.48865980936122255,0.16417771569073947,-0.1928571757458829,-0.2459302116691141,0.17045461914703453,0.1683871306478978,-0.24096771329641342,-0.24387097656726842,-0.669193547219038,-0.9290322605520487,-0.9348387099802494,-0.9174193516373634,-0.911612905561924,-0.8941935484763235,-0.8941935484763235,-0.888387096952647,-0.8941935484763235,-0.1422580797225237,0.28451614268124115,-0.02903226055204866,-0.01016129152849321
0.42531874621398014,-0.2440452679393723,-0.8323695190076184,-0.4149369748520491,-0.0551713140365252,-0.13621809578773303,0.007819711305968147,0.11520424958264808,-0.228947378186522,0.4418814512868251,0.15567109908557242,-0.18482146124752585,-0.18313953923560122,0.15681825274473316,0.1756452150642872,-0.2177419021725655,-0.22645163834095006,-0.6619354896247387,-0.9290322605520487,-0.9304838754236698,-0.9174193516373634,-0.911612905561924,-0.8941935484763235,-0.8941935484763235,-0.888387096952647,-0.8941935484763235,-0.1698387254029512,0.24967746622860443,-0.058064531162381194,-0.031935504544526316
0.42542067699096553,-0.3138846626423544,-0.8320059818780164,-0.41407731343952053,-0.05525404621950225,-0.13644673774248606,0.008033248823912542,0.05516832058440069,-0.0531579074112547,0.34291240261362976,0.19224954168141306,-0.1366071742573839,-0.0941860523141349,0.12272734977840083,0.16548390761017806,-0.201774175465107,-0.22645163834095006,-0.6633871011435986,-0.9290322605520487,-0.92903226390481,-0.9174193516373634,-0.911612905561924,-0.8941935484763235,-0.8941935484763235,-0.888387096952647,-0.8941935484763235,-0.23080646283924577,0.1858064789324999,-0.11467738039791586,-0.078387086559087
0.4251823197796444,-0.39058462540222694,-0.8318407434583804,-0.39837744150094234,-0.05527476873670789,-0.13659227681655894,0.008118663831089723,0.1187199212607225,-0.06947369134552817,0.363788684997958,0.3092155220039089,-0.14464288875574083,-0.07325581569424056,0.12954554601897328,0.12048387005925176,-0.21193545609712605,-0.25112903416156773,-0.6720967702567577,-0.9290322605520487,-0.9304838754236698,-0.9174193516373634,-0.911612905561924,-0.8941935484763235,-0.8941935484763235,-0.888387096952647,-0.8941935484763235,-0.2888709772378206,0.0856451768428087,-0.19596775956451895,-0.15532257752493028
0.42542067699096553,-0.47320504592577406,-0.8316424762644204,-0.3455586959451724,-0.0553369362883247,-0.1365922669044788,0.007862418809556737,0.06463351113159921,0.03999998226786472,0.3409793915988629,0.27944237589452137,-0.08839288726724193,-0.08372093400418767,0.17727282842702896,0.12483870461583135,-0.1858064487576485,-0.23516130745410924,-0.6677419357001781,-0.9275806473568082,-0.9304838754236698,-0.9174193516373634,-0.911612905561924,-0.8941935484763235,-0.8941935484763235,-0.888387096952647,-0.8941935484763235,-0.32370965369045734,0.04354836232960224,-0.21919355727732182,-0.17564516561105847
0.4253527231396427,-0.5474076634384459,-0.8316755365547502,-0.26241166994038023,-0.05537830237981323,-0.13652991000772796,0.0050848010188931925,0.019741491554908785,0.062631580309642,0.37500004288564714,0.29092629270019066,-0.07232145926286049,-0.12034884185130801,0.2863637205271762,0.18145166113972666,-0.15387098193168636,-0.19016126990318294,-0.6532258205115795,-0.9290322605520487,-0.92903226390481,-0.9174193516373634,-0.911612905561924,-0.8941935484763235,-0.8956451613572426,-0.888387096952647,-0.8941935484763235,-0.28016130812466145,0.13064516074955457,-0.15677419491112232,-0.10887098209932444
0.42297252278240893,-0.6183835287139223,-0.8318572893615481,-0.17727125234437768,-0.05537830237981323,-0.14592568980630594,-0.048926987556142665,0.00946501861069382,-0.04842105487443815,0.4619845476996739,0.20500947059206254,-0.08839288726724193,-0.21453486921466258,0.36818194501982904,0.23661289885640147,-0.12338709980249407,-0.14225806295871735,-0.6343548506498338,-0.9290322605520487,-0.92903226390481,-0.9174193516373634,-0.911612905561924,-0.8941935484763235,-0.8941935484763235,-0.888387096952647,-0.8941935484763235,-0.23516129739582536,0.20903229005634782,-0.09580643065273764,-0.04645163314417
0.4200154927864611,-0.6983803800276961,-0.8317746859097328,-0.11693895386789033,-0.05529549125391353,-0.20901464324278363,-0.26565843994814275,-0.15117186190327414,-0.11894737064321426,0.38659797071604174,0.09102080247876576,-0.14464288875574083,-0.15697673722303807,0.10909102249436431,0.21193547621369369,-0.13790322840213776,-0.16693548560142513,-0.6445161379873753,-0.9275806473568082,-0.9319354869425297,-0.9174193516373634,-0.911612905561924,-0.8941935484763235,-0.8941935484763235,-0.888387096952647,-0.8941935484763235,-0.28161290623247626,0.1306451875716449,-0.15822580642998219,-0.11322580324485898
0.4192329860328622,-0.7842838009905431,-0.8310971863280207,-0.08157695325356729,-0.05529549125391353,-0.35344370309854867,-0.3833826516252228,-0.3929387874521886,0.2121052619310958,0.1287371233497635,0.03870511576090219,-0.17678574674916891,-0.08372092776649265,-0.040908994891531325,-0.2990322411060333,-0.3933870837092399,-0.47032258808612826,-0.6938709631562233,-0.9232258077710868,-0.9319354869425297,-0.918870964832604,-0.911612905561924,-0.8956451613572426,-0.8941935484763235,-0.888387096952647,-0.8912903225049377,-0.628548387810588,-0.52112903483212,-0.6227419283241034,-0.6285483819432557
0.4149158415470665,-0.8549088508856237,-0.8309484938115521,-0.060444378627474205,-0.0553369362883247,-0.5750761518967482,-0.3846645287558431,-0.49813710618063023,0.38263156071849236,0.017396933991154495,0.06932892893472031,-0.12857145975902695,0.07848836861151887,-0.08863627729958679,-0.6561290435492992,-0.6532258071005345,-0.6967741928994655,-0.7679032243788242,-0.9290322605520487,-0.9348387099802494,-0.9232258044183255,-0.9232258111238479,-0.8941935484763235,-0.8941935484763235,-0.888387096952647,-0.8854838709812611,-0.7200000006705523,-0.6866129022091627,-0.7461290314793587,-0.7722580681554974
0.3920029440905236,-0.8917786643058955,-0.8310641575536968,-0.0560087044586588,-0.05463331801840632,-0.7357815413420228,-0.3847499437630202,-0.48704939382352497,0.338421035712292,0.04677837343642033,0.07655956545809894,-0.08839288925190725,0.010465105834556954,-0.09545448657958089,-0.7301612913608551,-0.6967741928994655,-0.7345161259174346,-0.7635483898222446,-0.9304838729090988,-0.9348387099802494,-0.9232258044183255,-0.920322584733367,-0.8941935484763235,-0.8941935484763235,-0.888387096952647,-0.8854838709812611,-0.7737096738070249,-0.7635483898222446,-0.8012903245165944,-0.8216129050590099
0.3324761484287341,-0.8897724605912485,-0.834963696012294,-0.05759104043251073,-0.02899289355809953,-0.7872712892801903,-0.3847926512666088,-0.46649644793509515,0.3821052380499136,0.04368558346443474,0.08676750218198026,-0.08839289024423991,-0.005232571630363836,-0.06818175377497782,-0.7417741969227791,-0.7069354869425297,-0.7432258050888777,-0.7650000013411045,-0.9290322605520487,-0.9348387099802494,-0.9232258044183255,-0.9232258111238479,-0.8941935484763235,-0.8941935484763235,-0.888387096952647,-0.8840322582051158,-0.788225800730288,-0.7780645150691271,-0.8114516118541361,-0.8274193578399718
0.276417592842887,-0.8579251674133276,-0.8589392139585932,-0.0663008754736818,0.08050117703897752,-0.7892460730251697,-0.38487806627378696,-0.34696520129322994,0.3226315744465972,0.11559278517135352,0.08379018196698285,-0.13660717326505112,-0.0366279203225105,-0.01363628816577156,-0.7287096798419952,-0.6909677468240261,-0.7345161259174346,-0.7562903255224228,-0.9319354852661491,-0.9348387099802494,-0.9232258044183255,-0.9232258111238479,-0.8941935484763235,-0.8941935484763235,-0.888387096952647,-0.8854838709812611,-0.799838706292212,-0.7838709644973278,-0.8158064480870962,-0.8274193578399718
0.25785607616364625,-0.7912143715672744,-0.8860046241684764,-0.10335738727658461,0.25288571906739976,-0.7894539491718329,-0.38376701915752187,-0.30585943846874875,0.15052630121841515,0.20992269497263905,0.005103979369912803,-0.056250035227809914,-0.05232559154973626,-0.03409081169038053,-0.7490322578698396,-0.7214516155421734,-0.7548387005925179,-0.7795161366462707,-0.9319354852661491,-0.9348387099802494,-0.9232258044183255,-0.9232258111238479,-0.8956451613572426,-0.8941935484763235,-0.888387096952647,-0.8869354837574065,-0.7838709661737084,-0.7679032277315855,-0.8041935492306947,-0.8201612918637693
0.256224146268505,-0.6923056277191426,-0.8975050038663136,-0.16767694425419988,0.3846263394640409,-0.7897033965829964,-0.3428307359274435,-0.27448923634497,0.1689473500868074,0.183247425630079,0.04721173536824341,-0.08035717574588286,-0.04186046700209389,7.823653003224962e-08,-0.6677419424057007,-0.6169354856014252,-0.6779032297432422,-0.7083871051669121,-0.9333870976231993,-0.9348387099802494,-0.9232258044183255,-0.9232258111238479,-0.8941935484763235,-0.8941935484763235,-0.8898387097287923,-0.8883870965335519,-0.825967743806541,-0.8070967722684145,-0.825967743806541,-0.8361290336586535
0.25999791930955773,-0.5676804841662562,-0.8984964028681249,-0.23060087044586586,0.4326580555726601,-0.7901606804925024,-0.15673735319974935,-0.08140024325194584,0.1605263160905287,0.2335051973862473,0.158648403288974,-0.1044643162639558,-0.020930242857589598,0.027272798001711562,-0.676451624929905,-0.625645174831152,-0.6880645204335452,-0.7185483824461698,-0.9333870976231993,-0.9348387099802494,-0.9232258044183255,-0.9232258111238479,-0.8956451613572426,-0.8941935484763235,-0.888387096952647,-0.8898387097287923,-0.8245161272585392,-0.8012903228402138,-0.8288709685206413,-0.8361290319822728
0.2852904983916448,-0.44110527806333505,-0.8985790378359457,-0.28375614164581964,0.43954929906578954,-0.7880819784983522,0.027689621859285363,0.04408056524316928,0.06315789010812245,0.248195892145593,0.15907373532010205,-0.08839288825957459,0.09418604295759236,9.127595179680981e-08,-0.7693548493087292,-0.6953225746750832,-0.7345161259174346,-0.7025806523859501,-0.9029032247141003,-0.902903226390481,-0.8999999983236194,-0.9,-0.8956451613572426,-0.8970967742381618,-0.8898387097287923,-0.8898387095192447,-0.8651612908579409,-0.8724193543195725,-0.8680645164102316,-0.876774193905294
0.3166348607291879,-0.3377911653929949,-0.8985955522231077,-0.3291361494452715,0.4400253248895988,-0.7756512585013089,0.19186199282122607,0.027584117308074085,-0.0936842252177964,0.2737113594878998,0.1463138304268462,-0.10446431725628857,0.17790696760523728,0.054545530806314746,-0.8172580730170012,-0.6764516182243824,-0.6938709631562233,-0.47467742264270785,-0.47467740923166274,-0.47032257467508315,-0.5574193596839905,-0.5922580562531948,-0.9,-0.9,-0.8912903225049377,-0.8941935484763235,-0.8956451612524688,-0.9,-0.8883870977908374,-0.888387096952647
0.33363214199876723,-0.27924556407643375,-0.8986781871909287,-0.363239696252334,0.44037717349601924,-0.7715769970420094,0.32133696220331476,0.12872593808318122,-0.1273684223358783,0.3409793992798743,0.17438564440882287,-0.09642860375026419,0.17790696760523728,0.10909098337609924,-0.8317742049694061,-0.7083871051669121,-0.6982257910072803,-0.4238709591329098,-0.13645160347223284,-0.09870969057083134,-0.26274195313453674,-0.3033871091902256,-0.8970967742381618,-0.9,-0.8941935480572284,-0.8941935484763235,-0.9,-0.9,-0.8883870977908374,-0.888387096952647
0.34213130136524506,-0.2648511888966443,-0.8984964028681249,-0.3877987483696571,0.4405633998506403,-0.7706000029416852,0.44987171448349306,0.14116606000144627,0.15368419861959348,0.21765464685956848,0.21734405946578594,-0.06428574377217089,0.17267441156911134,0.07500006737034526,-0.8622580669820309,-0.7490322478115559,-0.7287096731364727,-0.47612904086709024,-0.09145163297653203,-0.04354839920997622,-0.2162903308868408,-0.23951616212725635,-0.8970967742381618,-0.9,-0.8898387097287923,-0.8941935484763235,-0.9,-0.9,-0.8883870977908374,-0.888387096952647
0.34410274115115935,-0.26685739261129127,-0.898678187190929,-0.39883840558248107,0.4409565356056263,-0.7689370334167007,0.5865681641098294,0.19498192804056103,-0.007368420834366729,0.3305412580877104,0.2556238461977344,-0.09642860375026419,0.08372093088534016,0.17727282842702896,-0.855000002682209,-0.7229032203555107,-0.7083870850503444,-0.4470967836678028,-0.1262903228402138,-0.08709679841995244,-0.25258065909147265,-0.2903225921094418,-0.8985483871190809,-0.8985483871190809,-0.892741935281083,-0.8941935484763235,-0.9,-0.9,-0.8883870977908374,-0.8941935484763235
0.3446808676190972,-0.28630243889385676,-0.8987112474812585,-0.4005578234712802,0.44190842936739905,-0.7662970697913918,0.6754912177941396,0.20147227318494532,-0.08894737268097985,0.3603093097212443,0.20415881453560403,-0.1205357452606699,0.010465112072252092,0.1840910246676012,-0.8274193603545428,-0.6459677428007127,-0.659032266587019,-0.38758061751723294,-0.23080647289752965,-0.22354840189218517,-0.3687096744775772,-0.4296774186193943,-0.9,-0.8970967742381618,-0.8941935480572284,-0.8941935484763235,-0.9,-0.9,-0.8883870977908374,-0.8912903227144853
0.34566671719497666,-0.32252692327418786,-0.8986616728037671,-0.3992371029134716,0.44877898981478415,-0.745198096860771,0.7351434939519418,0.16685689848897411,0.025789463267709922,0.31932991556204404,0.26753311104612776,-0.07232146223985858,0.026162777061782827,0.12954554601897328,-0.7809677481651306,-0.5458064541220665,-0.608225816488266,-0.37887094840407376,-0.4790322504937649,-0.5225806564092637,-0.6067741915583611,-0.6764516115188599,-0.9,-0.8970967742381618,-0.892741935281083,-0.8941935484763235,-0.9,-0.9,-0.891290323343128,-0.888387096952647
0.34638075136556246,-0.3750818769916223,-0.8987773050299057,-0.38083342804498677,0.5015497285152891,-0.6541296702631421,0.7803956801305764,0.172265591082838,-0.07210526929565209,0.37809281749560986,0.3321833796326418,-0.08839289123657257,0.09941860211256603,0.1568182657841547,-0.6691935539245606,-0.36435482650995255,-0.48338709846138955,-0.29032260552048683,-0.6154838807880878,-0.686612905561924,-0.7330645143985748,-0.796935484930873,-0.9,-0.9,-0.8941935480572284,-0.8941935484763235,-0.9,-0.9116129022091627,-0.8941935488954187,-0.888387096952647
0.3473323646499352,-0.44065630930267313,-0.8987277303524143,-0.3366995157664273,0.5794435787037259,-0.5345828062974727,0.7888137855040066,0.08951315319036313,-0.011052653774222154,0.36958763355113244,0.2790170278517973,-0.0803571747535502,0.11511627645863942,0.21136373139336107,-0.46306453719735147,-0.024677382409572624,-0.1988709792494774,-0.0029032565653324127,-0.631451627612114,-0.7272580616176129,-0.7649999979883433,-0.8303225800395012,-0.9,-0.8985483871190809,-0.8941935480572284,-0.8941935484763235,-0.9043548387475312,-0.9174193533137441,-0.9,-0.8970967742381618
0.3474345547927652,-0.5063570190950428,-0.8987442762555822,-0.2830957338350447,0.6314900160885678,-0.500533482475632,0.7883865474623794,0.10682096949072684,0.16842104028832672,0.3402062133083953,0.36493385796572364,0.08839282673494886,0.12034882937591773,0.32045461045408696,-0.4137096516788006,0.05080649703741069,-0.12338711321353912,0.07258060947060585,-0.6241935566067696,-0.7258064568042755,-0.7635483831167221,-0.8332258064299822,-0.9,-0.9,-0.8941935480572284,-0.8941935484763235,-0.9043548387475312,-0.9232258044183255,-0.9,-0.9
0.34709426680445865,-0.5663757506561622,-0.8990416612885187,-0.22115609762074484,0.6382570823643093,-0.4974569710126664,0.7831305904176517,0.1893028652931933,0.0357894588346761,0.47938147016931143,0.39513235211783526,0.07232139575356944,0.04709302615706745,0.45681827447710266,-0.40645159408450127,0.060967777669429735,-0.10887098461389544,0.08419350162148476,-0.6329032257199287,-0.7330645143985748,-0.7722580656409264,-0.8375806476920843,-0.9,-0.9,-0.892741935281083,-0.8941935484763235,-0.9043548387475312,-0.9232258044183255,-0.9,-0.9
0.34729812835842877,-0.6253281747208665,-0.899107781869178,-0.16335325517262977,0.6383605765359529,-0.4961889780608382,0.7756954096497205,0.13224169572950795,-0.022105262503100298,0.49175259933320803,0.3164461505214896,0.07232138781490816,0.04186046700209389,0.45681824839825935,-0.39919353649020195,0.06822583526372905,-0.10016127526760099,0.0914516396820545,-0.6387096986174583,-0.7374193489551544,-0.7722580656409264,-0.8419354923069478,-0.9,-0.9,-0.8941935480572284,-0.8941935484763235,-0.9043548387475312,-0.9232258044183255,-0.9,-0.9
0.34784253726655046,-0.6819096112978074,-0.8989425434495419,-0.11062168306762687,0.6384433087189304,-0.4955653694450093,0.7759943621748423,-0.009194734425442164,0.16052630965547954,0.3529639431390429,0.284120996213738,0.05624995683352885,0.09941859899371841,0.32727281973408096,-0.40790320560336113,0.05951616615056987,-0.1103225961327553,0.08129027858376503,-0.6358064621686936,-0.7359677374362945,-0.7722580656409264,-0.8404838774353266,-0.9,-0.9,-0.8941935480572284,-0.8941935484763235,-0.9043548387475312,-0.9232258044183255,-0.9,-0.9
0.34791049111787375,-0.7421247298975788,-0.8989756037398715,-0.04322453252933378,0.6385674069933954,-0.4954822070918476,0.7764217632222087,-0.047055324677731325,0.15421052128817203,0.3444587591945655,0.22967864833950957,0.032142822269451865,0.08372092464764513,0.26590918396314545,-0.4122580401599407,0.05370972007513042,-0.11612905561923981,0.07548383250832558,-0.6329032257199287,-0.7316129028797149,-0.7708064507693052,-0.8361290328204632,-0.9,-0.9,-0.8941935480572284,-0.8956451613572426,-0.9130645162425935,-0.9232258044183255,-0.9,-0.9
0.3483184735916597,-0.7943570458544158,-0.8988434256105652,0.04080706158820646,0.6386087730848843,-0.4956485119740103,0.7764217632222085,-0.17686308724793742,0.2873684189753526,0.23389179037198693,0.21309075516610132,0.08035711521358968,0.17267441156911134,0.20454552211336685,-0.42822580710053443,0.043548439443111375,-0.1320967823266983,0.07693547084927554,-0.6169354923069477,-0.7156451627612114,-0.7562903188169002,-0.8230645123869181,-0.9,-0.9,-0.8941935480572284,-0.8956451613572426,-0.9130645162425935,-0.9232258044183255,-0.9,-0.9
0.3466523074050115,-0.8202697523197033,-0.8993060805791439,0.12044015145977738,0.6386087730848843,-0.4958771836650039,0.7733450299006844,-0.2404147309083855,0.36526314431715956,0.20528353305769487,0.18374291306754909,0.11249996129902573,0.2511627832994777,0.2727273932431399,-0.5254838794469834,-1.341104505225843e-08,-0.1437096744775772,0.1393548466265201,-0.45000000670552254,-0.5487096771597862,-0.624193549901247,-0.7316129028797149,-0.9,-0.9,-0.8941935480572284,-0.8941935484763235,-0.9087096774950624,-0.9232258044183255,-0.9,-0.9
0.3276151137665061,-0.831535448364445,-0.8995869512249188,0.18998051404556182,0.6385674069933956,-0.4963344873986704,0.7631323943478282,-0.2517728993872469,0.2605262975003867,0.20682990500065335,0.18034027683301945,0.12053567282038469,0.38197673566361423,0.2113637444327826,-0.5937096677720547,-0.06532261222600932,-0.15532256662845612,0.22500003352761266,-0.17709677964448933,-0.2656451627612114,-0.39774193167686467,-0.5661290355026722,-0.9,-0.8985483871190809,-0.8941935480572284,-0.8941935484763235,-0.9,-0.9232258044183255,-0.9,-0.9
0.29688311418840774,-0.8374279693426786,-0.8995704053217509,0.23617046492084526,0.6385467239476513,-0.50105317284229,0.687370424021393,-0.40781262760912457,0.30947368791350194,0.09587629710626677,0.13015123726137456,0.17678567728588168,0.4918604545267037,0.12272736281782237,-0.5922580562531948,-0.09580648094415667,-0.1437096744775772,0.28887094035744665,0.014516128599643685,-0.058064541220664956,-0.22499999999999998,-0.4441935338079929,-0.9,-0.9,-0.8941935480572284,-0.8941935484763235,-0.9043548387475312,-0.9232258044183255,-0.9,-0.9
0.2672728718888354,-0.8397989568304417,-0.8996365259024101,0.24967740647523462,0.6386294561306286,-0.5494248578771518,0.6140012149361055,-0.4248498158512276,0.1905263092264763,0.1349226956127233,0.07868621760794114,0.1366071038017641,0.4133720827963371,0.03409098120286225,-0.5937096677720547,-0.1306451573967934,-0.16693545877933502,0.2787096597254276,0.05516127794981007,-0.015967726707458496,-0.18435479700565338,-0.409354817122221,-0.9,-0.9,-0.8941935480572284,-0.8956451613572426,-0.9087096774950624,-0.9232258044183255,-0.9,-0.9
0.23099978040358626,-0.844064026259865,-0.8997686725157109,0.25006365045611567,0.6387744742796065,-0.684042365816852,0.611095474634675,-0.4386419174893908,0.17842102942024385,0.19600517850376098,-0.02594517183938172,-0.01607146273602489,0.07325580321885028,0.03409099424228401,-0.5980645023286343,-0.11177420765161517,-0.1712902933359146,0.2467742063105106,-0.0638709604740143,-0.13935486674308772,-0.2932258084416389,-0.48919355794787406,-0.9,-0.8985483871190809,-0.892741935281083,-0.8941935484763235,-0.9130645162425935,-0.9232258044183255,-0.9,-0.9
0.17633453813571454,-0.8441481577286648,-0.8999504568385147,0.2501009154427031,0.639146848045926,-0.8138372502396011,0.6112235971454415,-0.35751213035920115,0.061578941407533505,0.2810566953460555,-0.05529299792633824,-0.05625003225081193,-0.04709302615706745,0.006818261437680828,-0.5893548332154751,-0.08564520031213763,-0.19451610445976253,0.14951615408062946,-0.293225821852684,-0.3774193704128266,-0.4862903282046318,-0.6256451681256294,-0.9,-0.9,-0.8941935480572284,-0.8941935484763235,-0.9130645162425935,-0.9232258044183255,-0.9,-0.9
0.17633453813571454,-0.8441481577286648,-0.8999504568385147,0.2501009154427031,0.639146848045926,-0.8138372502396011,0.6112235971454415,-0.35751213035920115,0.061578941407533505,0.2810566953460555,-0.05529299792633824,-0.05625003225081193,-0.04709302615706745,0.006818261437680828,-0.5893548332154751,-0.08564520031213763,-0.19451610445976253,0.14951615408062946,-0.293225821852684,-0.3774193704128266,-0.4862903282046318,-0.6256451681256294,-0.9,-0.9,-0.8941935480572284,-0.8941935484763235,-0.9130645162425935,-0.9232258044183255,-0.9,-0.9
0.17633453813571454,-0.8441481577286648,-0.8999504568385147,0.2501009154427031,0.639146848045926,-0.8138372502396011,0.6112235971454415,-0.35751213035920115,0.061578941407533505,0.2810566953460555,-0.05529299792633824,-0.05625003225081193,-0.04709302615706745,0.006818261437680828,-0.5893548332154751,-0.08564520031213763,-0.19451610445976253,0.14951615408062946,-0.293225821852684,-0.3774193704128266,-0.4862903282046318,-0.6256451681256294,-0.9,-0.9,-0.8941935480572284,-0.8941935484763235,-0.9130645162425935,-0.9232258044183255,-0.9,-0.9
0.17633453813571454,-0.8441481577286648,-0.8999504568385147,0.2501009154427031,0.639146848045926,-0.8138372502396011,0.6112235971454415,-0.35751213035920115,0.061578941407533505,0.2810566953460555,-0.05529299792633824,-0.05625003225081193,-0.04709302615706745,0.006818261437680828,-0.5893548332154751,-0.08564520031213763,-0.19451610445976253,0.14951615408062946,-0.293225821852684,-0.3774193704128266,-0.4862903282046318,-0.6256451681256294,-0.9,-0.9,-0.8941935480572284,-0.8941935484763235,-0.9130645162425935,-0.9232258044183255,-0.9,-0.9
0.17633453813571454,-0.8441481577286648,-0.8999504568385147,0.2501009154427031,0.639146848045926,-0.8138372502396011,0.6112235971454415,-0.35751213035920115,0.061578941407533505,0.2810566953460555,-0.05529299792633824,-0.05625003225081193,-0.04709302615706745,0.006818261437680828,-0.5893548332154751,-0.08564520031213763,-0.19451610445976253,0.14951615408062946,-0.293225821852684,-0.3774193704128266,-0.4862903282046318,-0.6256451681256294,-0.9,-0.9,-0.8941935480572284,-0.8941935484763235,-0.9130645162425935,-0.9232258044183255,-0.9,-0.9
0.17633453813571454,-0.8441481577286648,-0.8999504568385147,0.2501009154427031,0.639146848045926,-0.8138372502396011,0.6112235971454415,-0.35751213035920115,0.061578941407533505,0.2810566953460555,-0.05529299792633824,-0.05625003225081193,-0.04709302615706745,0.006818261437680828,-0.5893548332154751,-0.08564520031213763,-0.19451610445976253,0.14951615408062946,-0.293225821852684,-0.3774193704128266,-0.4862903282046318,-0.6256451681256294,-0.9,-0.9,-0.8941935480572284,-0.8941935484763235,-0.9130645162425935,-0.9232258044183255,-0.9,-0.9
0.17633453813571454,-0.8441481577286648,-0.8999504568385147,0.2501009154427031,0.639146848045926,-0.8138372502396011,0.6112235971454415,-0.35751213035920115,0.061578941407533505,0.2810566953460555,-0.05529299792633824,-0.05625003225081193,-0.04709302615706745,0.006818261437680828,-0.5893548332154751,-0.08564520031213763,-0.19451610445976253,0.14951615408062946,-0.293225821852684,-0.3774193704128266,-0.4862903282046318,-0.6256451681256294,-0.9,-0.9,-0.8941935480572284,-0.8941935484763235,-0.9130645162425935,-0.9232258044183255,-0.9,-0.9
0.17633453813571454,-0.8441481577286648,-0.8999504568385147,0.2501009154427031,0.639146848045926,-0.8138372502396011,0.6112235971454415,-0.35751213035920115,0.061578941407533505,0.2810566953460555,-0.05529299792633824,-0.05625003225081193,-0.04709302615706745,0.006818261437680828,-0.5893548332154751,-0.08564520031213763,-0.19451610445976253,0.14951615408062946,-0.293225821852684,-0.3774193704128266,-0.4862903282046318,-0.6256451681256294,-0.9,-0.9,-0.8941935480572284,-0.8941935484763235,-0.9130645162425935,-0.9232258044183255,-0.9,-0.9
0.17633453813571454,-0.8441481577286648,-0.8999504568385147,0.2501009154427031,0.639146848045926,-0.8138372502396011,0.6112235971454415,-0.35751213035920115,0.061578941407533505,0.2810566953460555,-0.05529299792633824,-0.05625003225081193,-0.04709302615706745,0.006818261437680828,-0.5893548332154751,-0.08564520031213763,-0.19451610445976253,0.14951615408062946,-0.293225821852684,-0.3774193704128266,-0.4862903282046318,-0.6256451681256294,-0.9,-0.9,-0.8941935480572284,-0.8941935484763235,-0.9130645162425935,-0.9232258044183255,-0.9,-0.9
0.17633453813571454,-0.8441481577286648,-0.8999504568385147,0.2501009154427031,0.639146848045926,-0.8138372502396011,0.6112235971454415,-0.35751213035920115,0.061578941407533505,0.2810566953460555,-0.05529299792633824,-0.05625003225081193,-0.04709302615706745,0.006818261437680828,-0.5893548332154751,-0.08564520031213763,-0.19451610445976253,0.14951615408062946,-0.293225821852684,-0.3774193704128266,-0.4862903282046318,-0.6256451681256294,-0.9,-0.9,-0.8941935480572284,-0.8941935484763235,-0.9130645162425935,-0.9232258044183255,-0.9,-0.9
0.17633453813571454,-0.8441481577286648,-0.8999504568385147,0.2501009154427031,0.639146848045926,-0.8138372502396011,0.6112235971454415,-0.35751213035920115,0.061578941407533505,0.2810566953460555,-0.05529299792633824,-0.05625003225081193,-0.04709302615706745,0.006818261437680828,-0.5893548332154751,-0.08564520031213763,-0.19451610445976253,0.14951615408062946,-0.293225821852684,-0.3774193704128266,-0.4862903282046318,-0.6256451681256294,-0.9,-0.9,-0.8941935480572284,-0.8941935484763235,-0.9130645162425935,-0.9232258044183255,-0.9,-0.9
0.17633453813571454,-0.8441481577286648,-0.8999504568385147,0.2501009154427031,0.639146848045926,-0.8138372502396011,0.6112235971454415,-0.35751213035920115,0.061578941407533505,0.2810566953460555,-0.05529299792633824,-0.05625003225081193,-0.04709302615706745,0.006818261437680828,-0.5893548332154751,-0.08564520031213763,-0.19451610445976253,0.14951615408062946,-0.293225821852684,-0.3774193704128266,-0.4862903282046318,-0.6256451681256294,-0.9,-0.9,-0.8941935480572284,-0.8941935484763235,-0.9130645162425935,-0.9232258044183255,-0.9,-0.9
0.17633453813571454,-0.8441481577286648,-0.8999504568385147,0.2501009154427031,0.639146848045926,-0.8138372502396011,0.6112235971454415,-0.35751213035920115,0.061578941407533505,0.2810566953460555,-0.05529299792633824,-0.05625003225081193,-0.04709302615706745,0.006818261437680828,-0.5893548332154751,-0.08564520031213763,-0.19451610445976253,0.14951615408062946,-0.293225821852684,-0.3774193704128266,-0.4862903282046318,-0.6256451681256294,-0.9,-0.9,-0.8941935480572284,-0.8941935484763235,-0.9130645162425935,-0.9232258044183255,-0.9,-0.9
